{
 "cells": [
  {
   "cell_type": "markdown",
   "id": "058b7425-8bc1-48e1-b36c-585311c667a8",
   "metadata": {},
   "source": [
    "\n",
    "The model's main purpose is to predict the 10-year risk of Coronary Heart Disease (CHD). CHD is a disease \n",
    "of the blood vessels supplying the heart. Heart disease has been the leading cause of death worldwide since 1921. In 2008, 7.3 million people died from CHD. \n",
    "The classification goal is to predict whether the patient has 10-year risk of future coronary heart disease (CHD).\n",
    "The dataset provides the patients’ information. It includes over 4,000 records and 15 attributes.\n",
    "Variables\n",
    "Sex: male or female(0=female, 1=male)\n",
    "Age: Age of the patient\n",
    "education: Some high school (1), high school/GED (2), some college/vocational school (3), college (4)\n",
    "Current Smoker: whether or not the patient is a current smoker (0=No, 1=Yes)\n",
    "Cigs Per Day: the number of cigarettes that the person smoked on average in one day\n",
    "BP Meds: whether or not the patient was on blood pressure medication \n",
    "Prevalent Stroke: whether or not the patient had previously had a stroke (0=No, 1=Yes)\n",
    "Prevalent Hyp: whether or not the patient was hypertensive (0=No, 1=Yes)\n",
    "Diabetes: whether or not the patient had diabetes (0=No, 1=Yes)\n",
    "Tot Chol: total cholesterol level\n",
    "Sys BP: systolic blood pressure \n",
    "Dia BP: diastolic blood pressure\n",
    "BMI: Body Mass Index\n",
    "Heart Rate: heart rate\n",
    "Glucose: glucose level\n",
    "\n",
    "Prepare model by using Decision Tree, Random Forest, AdaBoost,CatBoost and XGBoost & Calculate Accuracy by confusion matrix, Calculate accuracy score, precision score, recall score, f1 score.\n"
   ]
  },
  {
   "cell_type": "code",
   "execution_count": 2,
   "id": "60dd4dbc-eb39-4f87-8d72-14bc96fb90ea",
   "metadata": {},
   "outputs": [],
   "source": [
    "import numpy as np \n",
    "import pandas as pd\n",
    "import matplotlib.pyplot as plt \n",
    "import seaborn as sns\n",
    "import warnings\n",
    "warnings.filterwarnings(action=\"ignore\")"
   ]
  },
  {
   "cell_type": "code",
   "execution_count": 3,
   "id": "9ffdc1f7-263b-4cf3-baa8-735c5520656a",
   "metadata": {},
   "outputs": [
    {
     "data": {
      "text/html": [
       "<div>\n",
       "<style scoped>\n",
       "    .dataframe tbody tr th:only-of-type {\n",
       "        vertical-align: middle;\n",
       "    }\n",
       "\n",
       "    .dataframe tbody tr th {\n",
       "        vertical-align: top;\n",
       "    }\n",
       "\n",
       "    .dataframe thead th {\n",
       "        text-align: right;\n",
       "    }\n",
       "</style>\n",
       "<table border=\"1\" class=\"dataframe\">\n",
       "  <thead>\n",
       "    <tr style=\"text-align: right;\">\n",
       "      <th></th>\n",
       "      <th>male</th>\n",
       "      <th>age</th>\n",
       "      <th>education</th>\n",
       "      <th>currentSmoker</th>\n",
       "      <th>cigsPerDay</th>\n",
       "      <th>BPMeds</th>\n",
       "      <th>prevalentStroke</th>\n",
       "      <th>prevalentHyp</th>\n",
       "      <th>diabetes</th>\n",
       "      <th>totChol</th>\n",
       "      <th>sysBP</th>\n",
       "      <th>diaBP</th>\n",
       "      <th>BMI</th>\n",
       "      <th>heartRate</th>\n",
       "      <th>glucose</th>\n",
       "      <th>TenYearCHD</th>\n",
       "    </tr>\n",
       "  </thead>\n",
       "  <tbody>\n",
       "    <tr>\n",
       "      <th>0</th>\n",
       "      <td>1</td>\n",
       "      <td>39</td>\n",
       "      <td>4.0</td>\n",
       "      <td>0</td>\n",
       "      <td>0.0</td>\n",
       "      <td>0.0</td>\n",
       "      <td>0</td>\n",
       "      <td>0</td>\n",
       "      <td>0</td>\n",
       "      <td>195.0</td>\n",
       "      <td>106.0</td>\n",
       "      <td>70.0</td>\n",
       "      <td>26.97</td>\n",
       "      <td>80.0</td>\n",
       "      <td>77.0</td>\n",
       "      <td>0</td>\n",
       "    </tr>\n",
       "    <tr>\n",
       "      <th>1</th>\n",
       "      <td>0</td>\n",
       "      <td>46</td>\n",
       "      <td>2.0</td>\n",
       "      <td>0</td>\n",
       "      <td>0.0</td>\n",
       "      <td>0.0</td>\n",
       "      <td>0</td>\n",
       "      <td>0</td>\n",
       "      <td>0</td>\n",
       "      <td>250.0</td>\n",
       "      <td>121.0</td>\n",
       "      <td>81.0</td>\n",
       "      <td>28.73</td>\n",
       "      <td>95.0</td>\n",
       "      <td>76.0</td>\n",
       "      <td>0</td>\n",
       "    </tr>\n",
       "    <tr>\n",
       "      <th>2</th>\n",
       "      <td>1</td>\n",
       "      <td>48</td>\n",
       "      <td>1.0</td>\n",
       "      <td>1</td>\n",
       "      <td>20.0</td>\n",
       "      <td>0.0</td>\n",
       "      <td>0</td>\n",
       "      <td>0</td>\n",
       "      <td>0</td>\n",
       "      <td>245.0</td>\n",
       "      <td>127.5</td>\n",
       "      <td>80.0</td>\n",
       "      <td>25.34</td>\n",
       "      <td>75.0</td>\n",
       "      <td>70.0</td>\n",
       "      <td>0</td>\n",
       "    </tr>\n",
       "    <tr>\n",
       "      <th>3</th>\n",
       "      <td>0</td>\n",
       "      <td>61</td>\n",
       "      <td>3.0</td>\n",
       "      <td>1</td>\n",
       "      <td>30.0</td>\n",
       "      <td>0.0</td>\n",
       "      <td>0</td>\n",
       "      <td>1</td>\n",
       "      <td>0</td>\n",
       "      <td>225.0</td>\n",
       "      <td>150.0</td>\n",
       "      <td>95.0</td>\n",
       "      <td>28.58</td>\n",
       "      <td>65.0</td>\n",
       "      <td>103.0</td>\n",
       "      <td>1</td>\n",
       "    </tr>\n",
       "    <tr>\n",
       "      <th>4</th>\n",
       "      <td>0</td>\n",
       "      <td>46</td>\n",
       "      <td>3.0</td>\n",
       "      <td>1</td>\n",
       "      <td>23.0</td>\n",
       "      <td>0.0</td>\n",
       "      <td>0</td>\n",
       "      <td>0</td>\n",
       "      <td>0</td>\n",
       "      <td>285.0</td>\n",
       "      <td>130.0</td>\n",
       "      <td>84.0</td>\n",
       "      <td>23.10</td>\n",
       "      <td>85.0</td>\n",
       "      <td>85.0</td>\n",
       "      <td>0</td>\n",
       "    </tr>\n",
       "  </tbody>\n",
       "</table>\n",
       "</div>"
      ],
      "text/plain": [
       "   male  age  education  currentSmoker  cigsPerDay  BPMeds  prevalentStroke  \\\n",
       "0     1   39        4.0              0         0.0     0.0                0   \n",
       "1     0   46        2.0              0         0.0     0.0                0   \n",
       "2     1   48        1.0              1        20.0     0.0                0   \n",
       "3     0   61        3.0              1        30.0     0.0                0   \n",
       "4     0   46        3.0              1        23.0     0.0                0   \n",
       "\n",
       "   prevalentHyp  diabetes  totChol  sysBP  diaBP    BMI  heartRate  glucose  \\\n",
       "0             0         0    195.0  106.0   70.0  26.97       80.0     77.0   \n",
       "1             0         0    250.0  121.0   81.0  28.73       95.0     76.0   \n",
       "2             0         0    245.0  127.5   80.0  25.34       75.0     70.0   \n",
       "3             1         0    225.0  150.0   95.0  28.58       65.0    103.0   \n",
       "4             0         0    285.0  130.0   84.0  23.10       85.0     85.0   \n",
       "\n",
       "   TenYearCHD  \n",
       "0           0  \n",
       "1           0  \n",
       "2           0  \n",
       "3           1  \n",
       "4           0  "
      ]
     },
     "execution_count": 3,
     "metadata": {},
     "output_type": "execute_result"
    }
   ],
   "source": [
    "df = pd.read_csv(\"framingham.csv\")\n",
    "df.head()"
   ]
  },
  {
   "cell_type": "code",
   "execution_count": null,
   "id": "7fe01a66-2dcf-4463-9c69-179adb3be348",
   "metadata": {},
   "outputs": [],
   "source": [
    "df = df.drop(axis=1)"
   ]
  },
  {
   "cell_type": "code",
   "execution_count": 4,
   "id": "770895f5-b34d-4a3d-82f9-417e154ced41",
   "metadata": {},
   "outputs": [
    {
     "name": "stdout",
     "output_type": "stream",
     "text": [
      "<class 'pandas.core.frame.DataFrame'>\n",
      "RangeIndex: 4240 entries, 0 to 4239\n",
      "Data columns (total 16 columns):\n",
      " #   Column           Non-Null Count  Dtype  \n",
      "---  ------           --------------  -----  \n",
      " 0   male             4240 non-null   int64  \n",
      " 1   age              4240 non-null   int64  \n",
      " 2   education        4135 non-null   float64\n",
      " 3   currentSmoker    4240 non-null   int64  \n",
      " 4   cigsPerDay       4211 non-null   float64\n",
      " 5   BPMeds           4187 non-null   float64\n",
      " 6   prevalentStroke  4240 non-null   int64  \n",
      " 7   prevalentHyp     4240 non-null   int64  \n",
      " 8   diabetes         4240 non-null   int64  \n",
      " 9   totChol          4190 non-null   float64\n",
      " 10  sysBP            4240 non-null   float64\n",
      " 11  diaBP            4240 non-null   float64\n",
      " 12  BMI              4221 non-null   float64\n",
      " 13  heartRate        4239 non-null   float64\n",
      " 14  glucose          3852 non-null   float64\n",
      " 15  TenYearCHD       4240 non-null   int64  \n",
      "dtypes: float64(9), int64(7)\n",
      "memory usage: 530.1 KB\n"
     ]
    }
   ],
   "source": [
    "df.info()"
   ]
  },
  {
   "cell_type": "code",
   "execution_count": 5,
   "id": "2b7bf3e0-5e97-47ea-8d44-8deb670ef9c5",
   "metadata": {},
   "outputs": [
    {
     "data": {
      "text/plain": [
       "male                 0\n",
       "age                  0\n",
       "education          105\n",
       "currentSmoker        0\n",
       "cigsPerDay          29\n",
       "BPMeds              53\n",
       "prevalentStroke      0\n",
       "prevalentHyp         0\n",
       "diabetes             0\n",
       "totChol             50\n",
       "sysBP                0\n",
       "diaBP                0\n",
       "BMI                 19\n",
       "heartRate            1\n",
       "glucose            388\n",
       "TenYearCHD           0\n",
       "dtype: int64"
      ]
     },
     "execution_count": 5,
     "metadata": {},
     "output_type": "execute_result"
    }
   ],
   "source": [
    "df.isna().sum()"
   ]
  },
  {
   "cell_type": "code",
   "execution_count": 6,
   "id": "52cb6914-45e0-4ec1-abb9-376b4c0855ad",
   "metadata": {},
   "outputs": [],
   "source": [
    "df['education'] = df['education'].fillna(df['education'].mean())"
   ]
  },
  {
   "cell_type": "code",
   "execution_count": 7,
   "id": "7e049fd5-65ca-4a48-9ea9-7ee839d90b9d",
   "metadata": {},
   "outputs": [],
   "source": [
    "df['cigsPerDay'] = df['cigsPerDay'].fillna(df['cigsPerDay'].mean())"
   ]
  },
  {
   "cell_type": "code",
   "execution_count": 8,
   "id": "f16cabf4-723d-49ad-8973-0530c0ab5e92",
   "metadata": {},
   "outputs": [],
   "source": [
    "df['BPMeds'] = df['BPMeds'].fillna(df['BPMeds'].mean())"
   ]
  },
  {
   "cell_type": "code",
   "execution_count": 9,
   "id": "6cebd5d4-0bf0-4770-be89-1dcebacca9e3",
   "metadata": {},
   "outputs": [],
   "source": [
    "df['totChol'] = df['totChol'].fillna(df['totChol'].mean())"
   ]
  },
  {
   "cell_type": "code",
   "execution_count": 10,
   "id": "0f9b759f-3a40-4a33-8497-8ab38d64e3f0",
   "metadata": {},
   "outputs": [],
   "source": [
    "df['BMI'] = df['BMI'].fillna(df['BMI'].mean())"
   ]
  },
  {
   "cell_type": "code",
   "execution_count": 11,
   "id": "b6c92f93-f4ea-41c3-9a42-6f63dd4a0a9e",
   "metadata": {},
   "outputs": [],
   "source": [
    "df['heartRate'] = df['heartRate'].fillna(df['heartRate'].mean())"
   ]
  },
  {
   "cell_type": "code",
   "execution_count": 12,
   "id": "de907d3f-c423-498b-9003-bcee8a107475",
   "metadata": {},
   "outputs": [],
   "source": [
    "df['glucose'] = df['glucose'].fillna(df['glucose'].mean())"
   ]
  },
  {
   "cell_type": "code",
   "execution_count": 13,
   "id": "2727fd73-cf0e-4674-9de5-b495223fe01c",
   "metadata": {},
   "outputs": [
    {
     "name": "stdout",
     "output_type": "stream",
     "text": [
      "<class 'pandas.core.frame.DataFrame'>\n",
      "RangeIndex: 4240 entries, 0 to 4239\n",
      "Data columns (total 16 columns):\n",
      " #   Column           Non-Null Count  Dtype  \n",
      "---  ------           --------------  -----  \n",
      " 0   male             4240 non-null   int64  \n",
      " 1   age              4240 non-null   int64  \n",
      " 2   education        4240 non-null   float64\n",
      " 3   currentSmoker    4240 non-null   int64  \n",
      " 4   cigsPerDay       4240 non-null   float64\n",
      " 5   BPMeds           4240 non-null   float64\n",
      " 6   prevalentStroke  4240 non-null   int64  \n",
      " 7   prevalentHyp     4240 non-null   int64  \n",
      " 8   diabetes         4240 non-null   int64  \n",
      " 9   totChol          4240 non-null   float64\n",
      " 10  sysBP            4240 non-null   float64\n",
      " 11  diaBP            4240 non-null   float64\n",
      " 12  BMI              4240 non-null   float64\n",
      " 13  heartRate        4240 non-null   float64\n",
      " 14  glucose          4240 non-null   float64\n",
      " 15  TenYearCHD       4240 non-null   int64  \n",
      "dtypes: float64(9), int64(7)\n",
      "memory usage: 530.1 KB\n"
     ]
    }
   ],
   "source": [
    "df.info()"
   ]
  },
  {
   "cell_type": "code",
   "execution_count": 14,
   "id": "2fc9690c-dcc9-46b5-956e-af15a060d439",
   "metadata": {},
   "outputs": [
    {
     "data": {
      "text/plain": [
       "TenYearCHD\n",
       "0    3596\n",
       "1     644\n",
       "Name: count, dtype: int64"
      ]
     },
     "execution_count": 14,
     "metadata": {},
     "output_type": "execute_result"
    }
   ],
   "source": [
    "df['TenYearCHD'].value_counts()"
   ]
  },
  {
   "cell_type": "code",
   "execution_count": 15,
   "id": "9e92bdb2-bf2c-4bb6-ac7e-b36e9f32fe3f",
   "metadata": {},
   "outputs": [
    {
     "data": {
      "text/html": [
       "<div>\n",
       "<style scoped>\n",
       "    .dataframe tbody tr th:only-of-type {\n",
       "        vertical-align: middle;\n",
       "    }\n",
       "\n",
       "    .dataframe tbody tr th {\n",
       "        vertical-align: top;\n",
       "    }\n",
       "\n",
       "    .dataframe thead th {\n",
       "        text-align: right;\n",
       "    }\n",
       "</style>\n",
       "<table border=\"1\" class=\"dataframe\">\n",
       "  <thead>\n",
       "    <tr style=\"text-align: right;\">\n",
       "      <th></th>\n",
       "      <th>male</th>\n",
       "      <th>age</th>\n",
       "      <th>education</th>\n",
       "      <th>currentSmoker</th>\n",
       "      <th>cigsPerDay</th>\n",
       "      <th>BPMeds</th>\n",
       "      <th>prevalentStroke</th>\n",
       "      <th>prevalentHyp</th>\n",
       "      <th>diabetes</th>\n",
       "      <th>totChol</th>\n",
       "      <th>sysBP</th>\n",
       "      <th>diaBP</th>\n",
       "      <th>BMI</th>\n",
       "      <th>heartRate</th>\n",
       "      <th>glucose</th>\n",
       "      <th>TenYearCHD</th>\n",
       "    </tr>\n",
       "  </thead>\n",
       "  <tbody>\n",
       "    <tr>\n",
       "      <th>male</th>\n",
       "      <td>1.000000</td>\n",
       "      <td>-0.029014</td>\n",
       "      <td>0.017188</td>\n",
       "      <td>0.197026</td>\n",
       "      <td>0.316023</td>\n",
       "      <td>-0.052203</td>\n",
       "      <td>-0.004550</td>\n",
       "      <td>0.005853</td>\n",
       "      <td>0.015693</td>\n",
       "      <td>-0.070064</td>\n",
       "      <td>-0.035879</td>\n",
       "      <td>0.058199</td>\n",
       "      <td>0.081705</td>\n",
       "      <td>-0.116913</td>\n",
       "      <td>0.005718</td>\n",
       "      <td>0.088374</td>\n",
       "    </tr>\n",
       "    <tr>\n",
       "      <th>age</th>\n",
       "      <td>-0.029014</td>\n",
       "      <td>1.000000</td>\n",
       "      <td>-0.164081</td>\n",
       "      <td>-0.213662</td>\n",
       "      <td>-0.192534</td>\n",
       "      <td>0.122036</td>\n",
       "      <td>0.057679</td>\n",
       "      <td>0.306799</td>\n",
       "      <td>0.101314</td>\n",
       "      <td>0.260691</td>\n",
       "      <td>0.394053</td>\n",
       "      <td>0.205586</td>\n",
       "      <td>0.135578</td>\n",
       "      <td>-0.012839</td>\n",
       "      <td>0.116951</td>\n",
       "      <td>0.225408</td>\n",
       "    </tr>\n",
       "    <tr>\n",
       "      <th>education</th>\n",
       "      <td>0.017188</td>\n",
       "      <td>-0.164081</td>\n",
       "      <td>1.000000</td>\n",
       "      <td>0.018297</td>\n",
       "      <td>0.008197</td>\n",
       "      <td>-0.010689</td>\n",
       "      <td>-0.035139</td>\n",
       "      <td>-0.080753</td>\n",
       "      <td>-0.038214</td>\n",
       "      <td>-0.022993</td>\n",
       "      <td>-0.128126</td>\n",
       "      <td>-0.061362</td>\n",
       "      <td>-0.135876</td>\n",
       "      <td>-0.053603</td>\n",
       "      <td>-0.033837</td>\n",
       "      <td>-0.053571</td>\n",
       "    </tr>\n",
       "    <tr>\n",
       "      <th>currentSmoker</th>\n",
       "      <td>0.197026</td>\n",
       "      <td>-0.213662</td>\n",
       "      <td>0.018297</td>\n",
       "      <td>1.000000</td>\n",
       "      <td>0.767055</td>\n",
       "      <td>-0.048621</td>\n",
       "      <td>-0.032980</td>\n",
       "      <td>-0.103710</td>\n",
       "      <td>-0.044285</td>\n",
       "      <td>-0.046211</td>\n",
       "      <td>-0.130281</td>\n",
       "      <td>-0.107933</td>\n",
       "      <td>-0.167483</td>\n",
       "      <td>0.062678</td>\n",
       "      <td>-0.054062</td>\n",
       "      <td>0.019448</td>\n",
       "    </tr>\n",
       "    <tr>\n",
       "      <th>cigsPerDay</th>\n",
       "      <td>0.316023</td>\n",
       "      <td>-0.192534</td>\n",
       "      <td>0.008197</td>\n",
       "      <td>0.767055</td>\n",
       "      <td>1.000000</td>\n",
       "      <td>-0.045847</td>\n",
       "      <td>-0.032711</td>\n",
       "      <td>-0.066444</td>\n",
       "      <td>-0.037086</td>\n",
       "      <td>-0.026182</td>\n",
       "      <td>-0.088523</td>\n",
       "      <td>-0.056473</td>\n",
       "      <td>-0.092888</td>\n",
       "      <td>0.075257</td>\n",
       "      <td>-0.056020</td>\n",
       "      <td>0.057646</td>\n",
       "    </tr>\n",
       "    <tr>\n",
       "      <th>BPMeds</th>\n",
       "      <td>-0.052203</td>\n",
       "      <td>0.122036</td>\n",
       "      <td>-0.010689</td>\n",
       "      <td>-0.048621</td>\n",
       "      <td>-0.045847</td>\n",
       "      <td>1.000000</td>\n",
       "      <td>0.115008</td>\n",
       "      <td>0.259125</td>\n",
       "      <td>0.051584</td>\n",
       "      <td>0.078973</td>\n",
       "      <td>0.252023</td>\n",
       "      <td>0.192387</td>\n",
       "      <td>0.099586</td>\n",
       "      <td>0.015172</td>\n",
       "      <td>0.048925</td>\n",
       "      <td>0.086805</td>\n",
       "    </tr>\n",
       "    <tr>\n",
       "      <th>prevalentStroke</th>\n",
       "      <td>-0.004550</td>\n",
       "      <td>0.057679</td>\n",
       "      <td>-0.035139</td>\n",
       "      <td>-0.032980</td>\n",
       "      <td>-0.032711</td>\n",
       "      <td>0.115008</td>\n",
       "      <td>1.000000</td>\n",
       "      <td>0.074791</td>\n",
       "      <td>0.006955</td>\n",
       "      <td>0.000105</td>\n",
       "      <td>0.057000</td>\n",
       "      <td>0.045153</td>\n",
       "      <td>0.024856</td>\n",
       "      <td>-0.017674</td>\n",
       "      <td>0.018065</td>\n",
       "      <td>0.061823</td>\n",
       "    </tr>\n",
       "    <tr>\n",
       "      <th>prevalentHyp</th>\n",
       "      <td>0.005853</td>\n",
       "      <td>0.306799</td>\n",
       "      <td>-0.080753</td>\n",
       "      <td>-0.103710</td>\n",
       "      <td>-0.066444</td>\n",
       "      <td>0.259125</td>\n",
       "      <td>0.074791</td>\n",
       "      <td>1.000000</td>\n",
       "      <td>0.077752</td>\n",
       "      <td>0.162683</td>\n",
       "      <td>0.696656</td>\n",
       "      <td>0.615840</td>\n",
       "      <td>0.300599</td>\n",
       "      <td>0.146777</td>\n",
       "      <td>0.082757</td>\n",
       "      <td>0.177458</td>\n",
       "    </tr>\n",
       "    <tr>\n",
       "      <th>diabetes</th>\n",
       "      <td>0.015693</td>\n",
       "      <td>0.101314</td>\n",
       "      <td>-0.038214</td>\n",
       "      <td>-0.044285</td>\n",
       "      <td>-0.037086</td>\n",
       "      <td>0.051584</td>\n",
       "      <td>0.006955</td>\n",
       "      <td>0.077752</td>\n",
       "      <td>1.000000</td>\n",
       "      <td>0.040161</td>\n",
       "      <td>0.111265</td>\n",
       "      <td>0.050260</td>\n",
       "      <td>0.086282</td>\n",
       "      <td>0.048986</td>\n",
       "      <td>0.605709</td>\n",
       "      <td>0.097344</td>\n",
       "    </tr>\n",
       "    <tr>\n",
       "      <th>totChol</th>\n",
       "      <td>-0.070064</td>\n",
       "      <td>0.260691</td>\n",
       "      <td>-0.022993</td>\n",
       "      <td>-0.046211</td>\n",
       "      <td>-0.026182</td>\n",
       "      <td>0.078973</td>\n",
       "      <td>0.000105</td>\n",
       "      <td>0.162683</td>\n",
       "      <td>0.040161</td>\n",
       "      <td>1.000000</td>\n",
       "      <td>0.207436</td>\n",
       "      <td>0.163423</td>\n",
       "      <td>0.115013</td>\n",
       "      <td>0.090678</td>\n",
       "      <td>0.044710</td>\n",
       "      <td>0.081807</td>\n",
       "    </tr>\n",
       "    <tr>\n",
       "      <th>sysBP</th>\n",
       "      <td>-0.035879</td>\n",
       "      <td>0.394053</td>\n",
       "      <td>-0.128126</td>\n",
       "      <td>-0.130281</td>\n",
       "      <td>-0.088523</td>\n",
       "      <td>0.252023</td>\n",
       "      <td>0.057000</td>\n",
       "      <td>0.696656</td>\n",
       "      <td>0.111265</td>\n",
       "      <td>0.207436</td>\n",
       "      <td>1.000000</td>\n",
       "      <td>0.783952</td>\n",
       "      <td>0.325172</td>\n",
       "      <td>0.182084</td>\n",
       "      <td>0.134561</td>\n",
       "      <td>0.216374</td>\n",
       "    </tr>\n",
       "    <tr>\n",
       "      <th>diaBP</th>\n",
       "      <td>0.058199</td>\n",
       "      <td>0.205586</td>\n",
       "      <td>-0.061362</td>\n",
       "      <td>-0.107933</td>\n",
       "      <td>-0.056473</td>\n",
       "      <td>0.192387</td>\n",
       "      <td>0.045153</td>\n",
       "      <td>0.615840</td>\n",
       "      <td>0.050260</td>\n",
       "      <td>0.163423</td>\n",
       "      <td>0.783952</td>\n",
       "      <td>1.000000</td>\n",
       "      <td>0.376317</td>\n",
       "      <td>0.181012</td>\n",
       "      <td>0.058499</td>\n",
       "      <td>0.145112</td>\n",
       "    </tr>\n",
       "    <tr>\n",
       "      <th>BMI</th>\n",
       "      <td>0.081705</td>\n",
       "      <td>0.135578</td>\n",
       "      <td>-0.135876</td>\n",
       "      <td>-0.167483</td>\n",
       "      <td>-0.092888</td>\n",
       "      <td>0.099586</td>\n",
       "      <td>0.024856</td>\n",
       "      <td>0.300599</td>\n",
       "      <td>0.086282</td>\n",
       "      <td>0.115013</td>\n",
       "      <td>0.325172</td>\n",
       "      <td>0.376317</td>\n",
       "      <td>1.000000</td>\n",
       "      <td>0.067318</td>\n",
       "      <td>0.082123</td>\n",
       "      <td>0.074788</td>\n",
       "    </tr>\n",
       "    <tr>\n",
       "      <th>heartRate</th>\n",
       "      <td>-0.116913</td>\n",
       "      <td>-0.012839</td>\n",
       "      <td>-0.053603</td>\n",
       "      <td>0.062678</td>\n",
       "      <td>0.075257</td>\n",
       "      <td>0.015172</td>\n",
       "      <td>-0.017674</td>\n",
       "      <td>0.146777</td>\n",
       "      <td>0.048986</td>\n",
       "      <td>0.090678</td>\n",
       "      <td>0.182084</td>\n",
       "      <td>0.181012</td>\n",
       "      <td>0.067318</td>\n",
       "      <td>1.000000</td>\n",
       "      <td>0.089386</td>\n",
       "      <td>0.022892</td>\n",
       "    </tr>\n",
       "    <tr>\n",
       "      <th>glucose</th>\n",
       "      <td>0.005718</td>\n",
       "      <td>0.116951</td>\n",
       "      <td>-0.033837</td>\n",
       "      <td>-0.054062</td>\n",
       "      <td>-0.056020</td>\n",
       "      <td>0.048925</td>\n",
       "      <td>0.018065</td>\n",
       "      <td>0.082757</td>\n",
       "      <td>0.605709</td>\n",
       "      <td>0.044710</td>\n",
       "      <td>0.134561</td>\n",
       "      <td>0.058499</td>\n",
       "      <td>0.082123</td>\n",
       "      <td>0.089386</td>\n",
       "      <td>1.000000</td>\n",
       "      <td>0.120451</td>\n",
       "    </tr>\n",
       "    <tr>\n",
       "      <th>TenYearCHD</th>\n",
       "      <td>0.088374</td>\n",
       "      <td>0.225408</td>\n",
       "      <td>-0.053571</td>\n",
       "      <td>0.019448</td>\n",
       "      <td>0.057646</td>\n",
       "      <td>0.086805</td>\n",
       "      <td>0.061823</td>\n",
       "      <td>0.177458</td>\n",
       "      <td>0.097344</td>\n",
       "      <td>0.081807</td>\n",
       "      <td>0.216374</td>\n",
       "      <td>0.145112</td>\n",
       "      <td>0.074788</td>\n",
       "      <td>0.022892</td>\n",
       "      <td>0.120451</td>\n",
       "      <td>1.000000</td>\n",
       "    </tr>\n",
       "  </tbody>\n",
       "</table>\n",
       "</div>"
      ],
      "text/plain": [
       "                     male       age  education  currentSmoker  cigsPerDay  \\\n",
       "male             1.000000 -0.029014   0.017188       0.197026    0.316023   \n",
       "age             -0.029014  1.000000  -0.164081      -0.213662   -0.192534   \n",
       "education        0.017188 -0.164081   1.000000       0.018297    0.008197   \n",
       "currentSmoker    0.197026 -0.213662   0.018297       1.000000    0.767055   \n",
       "cigsPerDay       0.316023 -0.192534   0.008197       0.767055    1.000000   \n",
       "BPMeds          -0.052203  0.122036  -0.010689      -0.048621   -0.045847   \n",
       "prevalentStroke -0.004550  0.057679  -0.035139      -0.032980   -0.032711   \n",
       "prevalentHyp     0.005853  0.306799  -0.080753      -0.103710   -0.066444   \n",
       "diabetes         0.015693  0.101314  -0.038214      -0.044285   -0.037086   \n",
       "totChol         -0.070064  0.260691  -0.022993      -0.046211   -0.026182   \n",
       "sysBP           -0.035879  0.394053  -0.128126      -0.130281   -0.088523   \n",
       "diaBP            0.058199  0.205586  -0.061362      -0.107933   -0.056473   \n",
       "BMI              0.081705  0.135578  -0.135876      -0.167483   -0.092888   \n",
       "heartRate       -0.116913 -0.012839  -0.053603       0.062678    0.075257   \n",
       "glucose          0.005718  0.116951  -0.033837      -0.054062   -0.056020   \n",
       "TenYearCHD       0.088374  0.225408  -0.053571       0.019448    0.057646   \n",
       "\n",
       "                   BPMeds  prevalentStroke  prevalentHyp  diabetes   totChol  \\\n",
       "male            -0.052203        -0.004550      0.005853  0.015693 -0.070064   \n",
       "age              0.122036         0.057679      0.306799  0.101314  0.260691   \n",
       "education       -0.010689        -0.035139     -0.080753 -0.038214 -0.022993   \n",
       "currentSmoker   -0.048621        -0.032980     -0.103710 -0.044285 -0.046211   \n",
       "cigsPerDay      -0.045847        -0.032711     -0.066444 -0.037086 -0.026182   \n",
       "BPMeds           1.000000         0.115008      0.259125  0.051584  0.078973   \n",
       "prevalentStroke  0.115008         1.000000      0.074791  0.006955  0.000105   \n",
       "prevalentHyp     0.259125         0.074791      1.000000  0.077752  0.162683   \n",
       "diabetes         0.051584         0.006955      0.077752  1.000000  0.040161   \n",
       "totChol          0.078973         0.000105      0.162683  0.040161  1.000000   \n",
       "sysBP            0.252023         0.057000      0.696656  0.111265  0.207436   \n",
       "diaBP            0.192387         0.045153      0.615840  0.050260  0.163423   \n",
       "BMI              0.099586         0.024856      0.300599  0.086282  0.115013   \n",
       "heartRate        0.015172        -0.017674      0.146777  0.048986  0.090678   \n",
       "glucose          0.048925         0.018065      0.082757  0.605709  0.044710   \n",
       "TenYearCHD       0.086805         0.061823      0.177458  0.097344  0.081807   \n",
       "\n",
       "                    sysBP     diaBP       BMI  heartRate   glucose  TenYearCHD  \n",
       "male            -0.035879  0.058199  0.081705  -0.116913  0.005718    0.088374  \n",
       "age              0.394053  0.205586  0.135578  -0.012839  0.116951    0.225408  \n",
       "education       -0.128126 -0.061362 -0.135876  -0.053603 -0.033837   -0.053571  \n",
       "currentSmoker   -0.130281 -0.107933 -0.167483   0.062678 -0.054062    0.019448  \n",
       "cigsPerDay      -0.088523 -0.056473 -0.092888   0.075257 -0.056020    0.057646  \n",
       "BPMeds           0.252023  0.192387  0.099586   0.015172  0.048925    0.086805  \n",
       "prevalentStroke  0.057000  0.045153  0.024856  -0.017674  0.018065    0.061823  \n",
       "prevalentHyp     0.696656  0.615840  0.300599   0.146777  0.082757    0.177458  \n",
       "diabetes         0.111265  0.050260  0.086282   0.048986  0.605709    0.097344  \n",
       "totChol          0.207436  0.163423  0.115013   0.090678  0.044710    0.081807  \n",
       "sysBP            1.000000  0.783952  0.325172   0.182084  0.134561    0.216374  \n",
       "diaBP            0.783952  1.000000  0.376317   0.181012  0.058499    0.145112  \n",
       "BMI              0.325172  0.376317  1.000000   0.067318  0.082123    0.074788  \n",
       "heartRate        0.182084  0.181012  0.067318   1.000000  0.089386    0.022892  \n",
       "glucose          0.134561  0.058499  0.082123   0.089386  1.000000    0.120451  \n",
       "TenYearCHD       0.216374  0.145112  0.074788   0.022892  0.120451    1.000000  "
      ]
     },
     "execution_count": 15,
     "metadata": {},
     "output_type": "execute_result"
    }
   ],
   "source": [
    "df.corr()"
   ]
  },
  {
   "cell_type": "code",
   "execution_count": 16,
   "id": "783c8d75-b9d1-44a5-8fc4-aa11d421831a",
   "metadata": {},
   "outputs": [],
   "source": [
    "df.drop(['education', 'currentSmoker', 'heartRate'], axis=1, inplace=True)"
   ]
  },
  {
   "cell_type": "code",
   "execution_count": 17,
   "id": "4e5fc690-ff7d-416f-94a6-9e8a0a3e68c0",
   "metadata": {},
   "outputs": [
    {
     "data": {
      "text/plain": [
       "TenYearCHD\n",
       "0    3596\n",
       "1     644\n",
       "Name: count, dtype: int64"
      ]
     },
     "execution_count": 17,
     "metadata": {},
     "output_type": "execute_result"
    }
   ],
   "source": [
    "df['TenYearCHD'].value_counts()"
   ]
  },
  {
   "cell_type": "code",
   "execution_count": 19,
   "id": "f75fc81a-4cd3-4ee7-a66b-a59279d5bf4a",
   "metadata": {},
   "outputs": [],
   "source": [
    "from imblearn.over_sampling import SMOTE\n",
    "x=df.drop(['TenYearCHD'], axis=1)\n",
    "y=df['TenYearCHD']\n",
    "smote = SMOTE()\n",
    "x_sampled, y_sampled = smote.fit_resample(x,y)"
   ]
  },
  {
   "cell_type": "code",
   "execution_count": 20,
   "id": "a822fd86-8112-4702-aba5-1a33da535af4",
   "metadata": {},
   "outputs": [],
   "source": [
    "from sklearn.model_selection import train_test_split\n",
    "x_train,x_test,y_train,y_test = train_test_split(x_sampled,y_sampled, train_size=0.7, random_state=123456)\n"
   ]
  },
  {
   "cell_type": "markdown",
   "id": "ce22b4cb-823a-43b8-998d-2a98fa9fbbb3",
   "metadata": {},
   "source": [
    "Decision Tree, Random Forest , AdaBoost, CatBoost, XGBoost & "
   ]
  },
  {
   "cell_type": "code",
   "execution_count": 21,
   "id": "f3b764eb-9e81-41be-a9c2-69508c4c5ed5",
   "metadata": {},
   "outputs": [],
   "source": [
    "from sklearn.tree import DecisionTreeClassifier\n",
    "\n",
    "def create_model_decision_tree_classifier():\n",
    "    model = DecisionTreeClassifier()\n",
    "    model.fit(x_train,y_train)\n",
    "    return model"
   ]
  },
  {
   "cell_type": "code",
   "execution_count": 22,
   "id": "921f15f9-124d-4f87-8496-61e7c7dddd18",
   "metadata": {},
   "outputs": [],
   "source": [
    "from sklearn.ensemble import RandomForestClassifier\n",
    "\n",
    "def create_model_random_forest():\n",
    "    model = RandomForestClassifier(n_estimators=100)\n",
    "    model.fit(x_train, y_train)\n",
    "    return model"
   ]
  },
  {
   "cell_type": "code",
   "execution_count": 23,
   "id": "8d80ab1c-6b46-4f99-8bd0-c1460dfa356a",
   "metadata": {},
   "outputs": [],
   "source": [
    "from sklearn.ensemble import AdaBoostClassifier\n",
    "\n",
    "def create_model_adaboost():\n",
    "    model = AdaBoostClassifier()\n",
    "    model.fit(x_train,y_train)\n",
    "    return model"
   ]
  },
  {
   "cell_type": "code",
   "execution_count": 24,
   "id": "c05cd2eb-c8ee-4085-af8f-9e42bd5b4592",
   "metadata": {},
   "outputs": [],
   "source": [
    "from catboost import CatBoostClassifier\n",
    "\n",
    "def create_model_catboost():\n",
    "    model = CatBoostClassifier(logging_level='Silent')\n",
    "    model.fit(x_train,y_train)\n",
    "    return model"
   ]
  },
  {
   "cell_type": "code",
   "execution_count": 25,
   "id": "43fc8975-a286-4d90-821d-4b9dc19332bf",
   "metadata": {},
   "outputs": [],
   "source": [
    "from xgboost import XGBClassifier\n",
    "\n",
    "def create_model_xgboost():\n",
    "    model = XGBClassifier()\n",
    "    model.fit(x_train,y_train)\n",
    "    return model"
   ]
  },
  {
   "cell_type": "markdown",
   "id": "cccd1fc7-472d-4fd6-877b-4183de6aeac0",
   "metadata": {},
   "source": [
    "Calculate Accuracy by confusion matrix, Calculate accuracy score, precision score, recall score, f1 score"
   ]
  },
  {
   "cell_type": "code",
   "execution_count": 26,
   "id": "8cc7c599-9b13-4b44-a1a3-498a3612fb19",
   "metadata": {},
   "outputs": [],
   "source": [
    "from sklearn.metrics import confusion_matrix,accuracy_score, precision_score, recall_score, f1_score, roc_auc_score\n",
    "\n",
    "def evaluate_model(model):\n",
    "    # training accuracry\n",
    "    y_pred = model.predict(x_train)\n",
    "    y_true = y_train\n",
    "\n",
    "    # calculate training accuracy\n",
    "    training_accuracy = accuracy_score(y_true, y_pred)\n",
    "\n",
    "    # testing accuracy\n",
    "    y_pred = model.predict(x_test)\n",
    "    y_true = y_test\n",
    "\n",
    "    # get the performance metrics for testing\n",
    "    \n",
    "    testing_accuracy = accuracy_score(y_true, y_pred)\n",
    "    testing_precision = precision_score(y_true, y_pred, average='macro')\n",
    "    testing_recall = recall_score(y_true, y_pred,average='macro')\n",
    "    testing_f1 = f1_score(y_true, y_pred,average='macro')\n",
    "\n",
    "    return training_accuracy, testing_accuracy, testing_precision, testing_recall, testing_f1"
   ]
  },
  {
   "cell_type": "code",
   "execution_count": 27,
   "id": "9d2dd122-478e-4ab5-9c08-3889bd9fa8ca",
   "metadata": {},
   "outputs": [
    {
     "data": {
      "text/plain": [
       "[('Decision Tree', DecisionTreeClassifier(), (2, 0)),\n",
       " ('Random Forest', RandomForestClassifier(), (2, 1)),\n",
       " ('CAT Boost', <catboost.core.CatBoostClassifier at 0x215d00d7d40>, (3, 0)),\n",
       " ('Ada Boost', AdaBoostClassifier(), (3, 1)),\n",
       " ('XG Boost',\n",
       "  XGBClassifier(base_score=None, booster=None, callbacks=None,\n",
       "                colsample_bylevel=None, colsample_bynode=None,\n",
       "                colsample_bytree=None, device=None, early_stopping_rounds=None,\n",
       "                enable_categorical=False, eval_metric=None, feature_types=None,\n",
       "                gamma=None, grow_policy=None, importance_type=None,\n",
       "                interaction_constraints=None, learning_rate=None, max_bin=None,\n",
       "                max_cat_threshold=None, max_cat_to_onehot=None,\n",
       "                max_delta_step=None, max_depth=None, max_leaves=None,\n",
       "                min_child_weight=None, missing=nan, monotone_constraints=None,\n",
       "                multi_strategy=None, n_estimators=None, n_jobs=None,\n",
       "                num_parallel_tree=None, random_state=None, ...),\n",
       "  (4, 1))]"
      ]
     },
     "execution_count": 27,
     "metadata": {},
     "output_type": "execute_result"
    }
   ],
   "source": [
    "models = [\n",
    "    (\"Decision Tree\", create_model_decision_tree_classifier(), (2, 0)),\n",
    "    (\"Random Forest\", create_model_random_forest(), (2, 1)),\n",
    "    (\"CAT Boost\", create_model_catboost(), (3, 0)),\n",
    "    (\"Ada Boost\", create_model_adaboost(), (3, 1)),\n",
    "    (\"XG Boost\", create_model_xgboost(), (4, 1))\n",
    "]\n",
    "models"
   ]
  },
  {
   "cell_type": "code",
   "execution_count": 28,
   "id": "727d77f4-ccb8-4bf3-8892-35e909ac60b1",
   "metadata": {},
   "outputs": [
    {
     "data": {
      "text/html": [
       "<div>\n",
       "<style scoped>\n",
       "    .dataframe tbody tr th:only-of-type {\n",
       "        vertical-align: middle;\n",
       "    }\n",
       "\n",
       "    .dataframe tbody tr th {\n",
       "        vertical-align: top;\n",
       "    }\n",
       "\n",
       "    .dataframe thead th {\n",
       "        text-align: right;\n",
       "    }\n",
       "</style>\n",
       "<table border=\"1\" class=\"dataframe\">\n",
       "  <thead>\n",
       "    <tr style=\"text-align: right;\">\n",
       "      <th></th>\n",
       "      <th>Model</th>\n",
       "      <th>Train Accuracy</th>\n",
       "      <th>Test Accuracy</th>\n",
       "      <th>Precision</th>\n",
       "      <th>Recall</th>\n",
       "      <th>F1</th>\n",
       "    </tr>\n",
       "  </thead>\n",
       "  <tbody>\n",
       "    <tr>\n",
       "      <th>0</th>\n",
       "      <td>Decision Tree</td>\n",
       "      <td>100.00%</td>\n",
       "      <td>76.37%</td>\n",
       "      <td>0.764696</td>\n",
       "      <td>0.764123</td>\n",
       "      <td>0.763604</td>\n",
       "    </tr>\n",
       "    <tr>\n",
       "      <th>1</th>\n",
       "      <td>Random Forest</td>\n",
       "      <td>100.00%</td>\n",
       "      <td>85.77%</td>\n",
       "      <td>0.857871</td>\n",
       "      <td>0.857915</td>\n",
       "      <td>0.857738</td>\n",
       "    </tr>\n",
       "    <tr>\n",
       "      <th>2</th>\n",
       "      <td>CAT Boost</td>\n",
       "      <td>93.60%</td>\n",
       "      <td>87.30%</td>\n",
       "      <td>0.875034</td>\n",
       "      <td>0.872459</td>\n",
       "      <td>0.872712</td>\n",
       "    </tr>\n",
       "    <tr>\n",
       "      <th>3</th>\n",
       "      <td>Ada Boost</td>\n",
       "      <td>72.37%</td>\n",
       "      <td>72.34%</td>\n",
       "      <td>0.723426</td>\n",
