{
 "cells": [
  {
   "cell_type": "markdown",
   "id": "fe5639a1-4c56-4a80-b5a2-2077efc653f2",
   "metadata": {},
   "source": [
    "\n",
    "The model's main purpose is to predict the 10-year risk of Coronary Heart Disease (CHD). \n",
    "CHD is a disease of the blood vessels supplying the heart. Heart disease has been the leading cause of death \n",
    "worldwide since 1921. In 2008, 7.3 million people died from CHD. \n",
    "The classification goal is to predict whether the patient has 10-year risk of future coronary heart disease (CHD).\n",
    "The dataset provides the patients’ information. It includes over 4,000 records and 15 attributes.\n",
    "Variables\n",
    "Sex: male or female(0=female, 1=male)\n",
    "Age: Age of the patient\n",
    "education: Some high school (1), high school/GED (2), some college/vocational school (3), college (4)\n",
    "Current Smoker: whether or not the patient is a current smoker (0=No, 1=Yes)\n",
    "Cigs Per Day: the number of cigarettes that the person smoked on average in one day\n",
    "BP Meds: whether or not the patient was on blood pressure medication \n",
    "Prevalent Stroke: whether or not the patient had previously had a stroke (0=No, 1=Yes)\n",
    "Prevalent Hyp: whether or not the patient was hypertensive (0=No, 1=Yes)\n",
    "Diabetes: whether or not the patient had diabetes (0=No, 1=Yes)\n",
    "Tot Chol: total cholesterol level\n",
    "Sys BP: systolic blood pressure \n",
    "Dia BP: diastolic blood pressure\n",
    "BMI: Body Mass Index\n",
    "Heart Rate: heart rate\n",
    "Glucose: glucose level\n",
    "\n",
    "Prepare model by using logistic regression KNN, SVM and Naive Bayes.\n",
    "\n",
    "Also calculate Accuracy by confusion matrix, Calculate accuracy score, precision score, recall score, f1 score.\n",
    "\n",
    "Datasets : framingham.csv\n"
   ]
  },
  {
   "cell_type": "markdown",
   "id": "50559952-6dcf-4db6-b2af-ce1e59934437",
   "metadata": {},
   "source": [
    "## Problem Definition\n",
    "    -calculate Accuracy by confusion matrix, Calculate accuracy score, precision score, recall score, f1 score."
   ]
  },
  {
   "cell_type": "markdown",
   "id": "ba1264ff-7328-4f94-ba1f-ecb1dc9ad10c",
   "metadata": {},
   "source": [
    "### import required packages"
   ]
  },
  {
   "cell_type": "code",
   "execution_count": 57,
   "id": "1952f489-b714-487f-aa77-c79d735953f7",
   "metadata": {},
   "outputs": [],
   "source": [
    "import numpy as np\n",
    "import pandas as pd\n",
    "import matplotlib.pyplot as plt\n",
    "import seaborn as sns\n",
    "import warnings \n",
    "warnings.filterwarnings(action=\"ignore\")"
   ]
  },
  {
   "cell_type": "markdown",
   "id": "2fd0a944-aa6b-4f24-b2de-aba57eb20dc6",
   "metadata": {},
   "source": [
    "### Load the data"
   ]
  },
  {
   "cell_type": "code",
   "execution_count": 58,
   "id": "43ad6905-0833-4357-8a0c-69c7cc9c2788",
   "metadata": {},
   "outputs": [
    {
     "data": {
      "text/html": [
       "<div>\n",
       "<style scoped>\n",
       "    .dataframe tbody tr th:only-of-type {\n",
       "        vertical-align: middle;\n",
       "    }\n",
       "\n",
       "    .dataframe tbody tr th {\n",
       "        vertical-align: top;\n",
       "    }\n",
       "\n",
       "    .dataframe thead th {\n",
       "        text-align: right;\n",
       "    }\n",
       "</style>\n",
       "<table border=\"1\" class=\"dataframe\">\n",
       "  <thead>\n",
       "    <tr style=\"text-align: right;\">\n",
       "      <th></th>\n",
       "      <th>male</th>\n",
       "      <th>age</th>\n",
       "      <th>education</th>\n",
       "      <th>currentSmoker</th>\n",
       "      <th>cigsPerDay</th>\n",
       "      <th>BPMeds</th>\n",
       "      <th>prevalentStroke</th>\n",
       "      <th>prevalentHyp</th>\n",
       "      <th>diabetes</th>\n",
       "      <th>totChol</th>\n",
       "      <th>sysBP</th>\n",
       "      <th>diaBP</th>\n",
       "      <th>BMI</th>\n",
       "      <th>heartRate</th>\n",
       "      <th>glucose</th>\n",
       "      <th>TenYearCHD</th>\n",
       "    </tr>\n",
       "  </thead>\n",
       "  <tbody>\n",
       "    <tr>\n",
       "      <th>0</th>\n",
       "      <td>1</td>\n",
       "      <td>39</td>\n",
       "      <td>4.0</td>\n",
       "      <td>0</td>\n",
       "      <td>0.0</td>\n",
       "      <td>0.0</td>\n",
       "      <td>0</td>\n",
       "      <td>0</td>\n",
       "      <td>0</td>\n",
       "      <td>195.0</td>\n",
       "      <td>106.0</td>\n",
       "      <td>70.0</td>\n",
       "      <td>26.97</td>\n",
       "      <td>80.0</td>\n",
       "      <td>77.0</td>\n",
       "      <td>0</td>\n",
       "    </tr>\n",
       "    <tr>\n",
       "      <th>1</th>\n",
       "      <td>0</td>\n",
       "      <td>46</td>\n",
       "      <td>2.0</td>\n",
       "      <td>0</td>\n",
       "      <td>0.0</td>\n",
       "      <td>0.0</td>\n",
       "      <td>0</td>\n",
       "      <td>0</td>\n",
       "      <td>0</td>\n",
       "      <td>250.0</td>\n",
       "      <td>121.0</td>\n",
       "      <td>81.0</td>\n",
       "      <td>28.73</td>\n",
       "      <td>95.0</td>\n",
       "      <td>76.0</td>\n",
       "      <td>0</td>\n",
       "    </tr>\n",
       "    <tr>\n",
       "      <th>2</th>\n",
       "      <td>1</td>\n",
       "      <td>48</td>\n",
       "      <td>1.0</td>\n",
       "      <td>1</td>\n",
       "      <td>20.0</td>\n",
       "      <td>0.0</td>\n",
       "      <td>0</td>\n",
       "      <td>0</td>\n",
       "      <td>0</td>\n",
       "      <td>245.0</td>\n",
       "      <td>127.5</td>\n",
       "      <td>80.0</td>\n",
       "      <td>25.34</td>\n",
       "      <td>75.0</td>\n",
       "      <td>70.0</td>\n",
       "      <td>0</td>\n",
       "    </tr>\n",
       "    <tr>\n",
       "      <th>3</th>\n",
       "      <td>0</td>\n",
       "      <td>61</td>\n",
       "      <td>3.0</td>\n",
       "      <td>1</td>\n",
       "      <td>30.0</td>\n",
       "      <td>0.0</td>\n",
       "      <td>0</td>\n",
       "      <td>1</td>\n",
       "      <td>0</td>\n",
       "      <td>225.0</td>\n",
       "      <td>150.0</td>\n",
       "      <td>95.0</td>\n",
       "      <td>28.58</td>\n",
       "      <td>65.0</td>\n",
       "      <td>103.0</td>\n",
       "      <td>1</td>\n",
       "    </tr>\n",
       "    <tr>\n",
       "      <th>4</th>\n",
       "      <td>0</td>\n",
       "      <td>46</td>\n",
       "      <td>3.0</td>\n",
       "      <td>1</td>\n",
       "      <td>23.0</td>\n",
       "      <td>0.0</td>\n",
       "      <td>0</td>\n",
       "      <td>0</td>\n",
       "      <td>0</td>\n",
       "      <td>285.0</td>\n",
       "      <td>130.0</td>\n",
       "      <td>84.0</td>\n",
       "      <td>23.10</td>\n",
       "      <td>85.0</td>\n",
       "      <td>85.0</td>\n",
       "      <td>0</td>\n",
       "    </tr>\n",
       "  </tbody>\n",
       "</table>\n",
       "</div>"
      ],
      "text/plain": [
       "   male  age  education  currentSmoker  cigsPerDay  BPMeds  prevalentStroke  \\\n",
       "0     1   39        4.0              0         0.0     0.0                0   \n",
       "1     0   46        2.0              0         0.0     0.0                0   \n",
       "2     1   48        1.0              1        20.0     0.0                0   \n",
       "3     0   61        3.0              1        30.0     0.0                0   \n",
       "4     0   46        3.0              1        23.0     0.0                0   \n",
       "\n",
       "   prevalentHyp  diabetes  totChol  sysBP  diaBP    BMI  heartRate  glucose  \\\n",
       "0             0         0    195.0  106.0   70.0  26.97       80.0     77.0   \n",
       "1             0         0    250.0  121.0   81.0  28.73       95.0     76.0   \n",
       "2             0         0    245.0  127.5   80.0  25.34       75.0     70.0   \n",
       "3             1         0    225.0  150.0   95.0  28.58       65.0    103.0   \n",
       "4             0         0    285.0  130.0   84.0  23.10       85.0     85.0   \n",
       "\n",
       "   TenYearCHD  \n",
       "0           0  \n",
       "1           0  \n",
       "2           0  \n",
       "3           1  \n",
       "4           0  "
      ]
     },
     "execution_count": 58,
     "metadata": {},
     "output_type": "execute_result"
    }
   ],
   "source": [
    "df = pd.read_csv(\"framingham.csv\")\n",
    "df.head()"
   ]
  },
  {
   "cell_type": "markdown",
   "id": "f04282d9-3bab-4f9b-b080-942ab8df641d",
   "metadata": {},
   "source": [
    "### EDA"
   ]
  },
  {
   "cell_type": "code",
   "execution_count": 59,
   "id": "ded97a4c-4f25-437b-9637-6015aa59b654",
   "metadata": {},
   "outputs": [
    {
     "name": "stdout",
     "output_type": "stream",
     "text": [
      "<class 'pandas.core.frame.DataFrame'>\n",
      "RangeIndex: 4240 entries, 0 to 4239\n",
      "Data columns (total 16 columns):\n",
      " #   Column           Non-Null Count  Dtype  \n",
      "---  ------           --------------  -----  \n",
      " 0   male             4240 non-null   int64  \n",
      " 1   age              4240 non-null   int64  \n",
      " 2   education        4135 non-null   float64\n",
      " 3   currentSmoker    4240 non-null   int64  \n",
      " 4   cigsPerDay       4211 non-null   float64\n",
      " 5   BPMeds           4187 non-null   float64\n",
      " 6   prevalentStroke  4240 non-null   int64  \n",
      " 7   prevalentHyp     4240 non-null   int64  \n",
      " 8   diabetes         4240 non-null   int64  \n",
      " 9   totChol          4190 non-null   float64\n",
      " 10  sysBP            4240 non-null   float64\n",
      " 11  diaBP            4240 non-null   float64\n",
      " 12  BMI              4221 non-null   float64\n",
      " 13  heartRate        4239 non-null   float64\n",
      " 14  glucose          3852 non-null   float64\n",
      " 15  TenYearCHD       4240 non-null   int64  \n",
      "dtypes: float64(9), int64(7)\n",
      "memory usage: 530.1 KB\n"
     ]
    }
   ],
   "source": [
    "df.info()"
   ]
  },
  {
   "cell_type": "code",
   "execution_count": 60,
   "id": "027e0c38-336e-4cd7-b160-e8afa938055c",
   "metadata": {},
   "outputs": [
    {
     "data": {
      "text/plain": [
       "male                 0\n",
       "age                  0\n",
       "education          105\n",
       "currentSmoker        0\n",
       "cigsPerDay          29\n",
       "BPMeds              53\n",
       "prevalentStroke      0\n",
       "prevalentHyp         0\n",
       "diabetes             0\n",
       "totChol             50\n",
       "sysBP                0\n",
       "diaBP                0\n",
       "BMI                 19\n",
       "heartRate            1\n",
       "glucose            388\n",
       "TenYearCHD           0\n",
       "dtype: int64"
      ]
     },
     "execution_count": 60,
     "metadata": {},
     "output_type": "execute_result"
    }
   ],
   "source": [
    "df.isna().sum()"
   ]
  },
  {
   "cell_type": "code",
   "execution_count": 61,
   "id": "42d4be97-880e-4086-8213-8b486a30ff7a",
   "metadata": {},
   "outputs": [],
   "source": [
    "df['education'] = df['education'].fillna(df['education'].mean())"
   ]
  },
  {
   "cell_type": "code",
   "execution_count": 62,
   "id": "d6e668d4-ef45-44bf-b0c1-6381d28024ba",
   "metadata": {},
   "outputs": [],
   "source": [
    "df['cigsPerDay'] = df['cigsPerDay'].fillna(df['cigsPerDay'].mean())"
   ]
  },
  {
   "cell_type": "code",
   "execution_count": 63,
   "id": "9f5a9e4d-cdb2-4ecc-a070-ba88e392928f",
   "metadata": {},
   "outputs": [],
   "source": [
    "df['BPMeds'] = df['BPMeds'].fillna(df['BPMeds'].mean())"
   ]
  },
  {
   "cell_type": "code",
   "execution_count": 64,
   "id": "ff1ef36f-ecc0-4675-a6dd-37dde385bfd8",
   "metadata": {},
   "outputs": [],
   "source": [
    "df['totChol'] = df['totChol'].fillna(df['totChol'].mean())"
   ]
  },
  {
   "cell_type": "code",
   "execution_count": 65,
   "id": "852b5e45-b5a4-41b1-be6c-cd7cc4242df1",
   "metadata": {},
   "outputs": [],
   "source": [
    "df['BMI'] = df['BMI'].fillna(df['BMI'].mean())"
   ]
  },
  {
   "cell_type": "code",
   "execution_count": 66,
   "id": "8aed307a-9ec5-4549-9487-c0c39380ddb5",
   "metadata": {},
   "outputs": [],
   "source": [
    "df['heartRate'] = df['heartRate'].fillna(df['heartRate'].mean())"
   ]
  },
  {
   "cell_type": "code",
   "execution_count": 68,
   "id": "15a48ecc-9888-4735-911b-5a06c7fb50b8",
   "metadata": {},
   "outputs": [],
   "source": [
    "df['glucose'] = df['glucose'].fillna(df['glucose'].mean())"
   ]
  },
  {
   "cell_type": "code",
   "execution_count": 69,
   "id": "50f69f04-0b67-4fcb-b1cb-f9d75a9cffc4",
   "metadata": {},
   "outputs": [
    {
     "name": "stdout",
     "output_type": "stream",
     "text": [
      "<class 'pandas.core.frame.DataFrame'>\n",
      "RangeIndex: 4240 entries, 0 to 4239\n",
      "Data columns (total 16 columns):\n",
      " #   Column           Non-Null Count  Dtype  \n",
      "---  ------           --------------  -----  \n",
      " 0   male             4240 non-null   int64  \n",
      " 1   age              4240 non-null   int64  \n",
      " 2   education        4240 non-null   float64\n",
      " 3   currentSmoker    4240 non-null   int64  \n",
      " 4   cigsPerDay       4240 non-null   float64\n",
      " 5   BPMeds           4240 non-null   float64\n",
      " 6   prevalentStroke  4240 non-null   int64  \n",
      " 7   prevalentHyp     4240 non-null   int64  \n",
      " 8   diabetes         4240 non-null   int64  \n",
      " 9   totChol          4240 non-null   float64\n",
      " 10  sysBP            4240 non-null   float64\n",
      " 11  diaBP            4240 non-null   float64\n",
      " 12  BMI              4240 non-null   float64\n",
      " 13  heartRate        4240 non-null   float64\n",
      " 14  glucose          4240 non-null   float64\n",
      " 15  TenYearCHD       4240 non-null   int64  \n",
      "dtypes: float64(9), int64(7)\n",
      "memory usage: 530.1 KB\n"
     ]
    }
   ],
   "source": [
    "df.info()"
   ]
  },
  {
   "cell_type": "code",
   "execution_count": 70,
   "id": "2e488d03-5698-4582-8e1c-93dfecd510ac",
   "metadata": {},
   "outputs": [
    {
     "data": {
      "text/html": [
       "<div>\n",
       "<style scoped>\n",
       "    .dataframe tbody tr th:only-of-type {\n",
       "        vertical-align: middle;\n",
       "    }\n",
       "\n",
       "    .dataframe tbody tr th {\n",
       "        vertical-align: top;\n",
       "    }\n",
       "\n",
       "    .dataframe thead th {\n",
       "        text-align: right;\n",
       "    }\n",
       "</style>\n",
       "<table border=\"1\" class=\"dataframe\">\n",
       "  <thead>\n",
       "    <tr style=\"text-align: right;\">\n",
       "      <th></th>\n",
       "      <th>male</th>\n",
       "      <th>age</th>\n",
       "      <th>education</th>\n",
       "      <th>currentSmoker</th>\n",
       "      <th>cigsPerDay</th>\n",
       "      <th>BPMeds</th>\n",
       "      <th>prevalentStroke</th>\n",
       "      <th>prevalentHyp</th>\n",
       "      <th>diabetes</th>\n",
       "      <th>totChol</th>\n",
       "      <th>sysBP</th>\n",
       "      <th>diaBP</th>\n",
       "      <th>BMI</th>\n",
       "      <th>heartRate</th>\n",
       "      <th>glucose</th>\n",
       "      <th>TenYearCHD</th>\n",
       "    </tr>\n",
       "  </thead>\n",
       "  <tbody>\n",
       "    <tr>\n",
       "      <th>male</th>\n",
       "      <td>1.000000</td>\n",
       "      <td>-0.029014</td>\n",
       "      <td>0.017188</td>\n",
       "      <td>0.197026</td>\n",
       "      <td>0.316023</td>\n",
       "      <td>-0.052203</td>\n",
       "      <td>-0.004550</td>\n",
       "      <td>0.005853</td>\n",
       "      <td>0.015693</td>\n",
       "      <td>-0.070064</td>\n",
       "      <td>-0.035879</td>\n",
       "      <td>0.058199</td>\n",
       "      <td>0.081705</td>\n",
       "      <td>-0.116913</td>\n",
       "      <td>0.005718</td>\n",
       "      <td>0.088374</td>\n",
       "    </tr>\n",
       "    <tr>\n",
       "      <th>age</th>\n",
       "      <td>-0.029014</td>\n",
       "      <td>1.000000</td>\n",
       "      <td>-0.164081</td>\n",
       "      <td>-0.213662</td>\n",
       "      <td>-0.192534</td>\n",
       "      <td>0.122036</td>\n",
       "      <td>0.057679</td>\n",
       "      <td>0.306799</td>\n",
       "      <td>0.101314</td>\n",
       "      <td>0.260691</td>\n",
       "      <td>0.394053</td>\n",
       "      <td>0.205586</td>\n",
       "      <td>0.135578</td>\n",
       "      <td>-0.012839</td>\n",
       "      <td>0.116951</td>\n",
       "      <td>0.225408</td>\n",
       "    </tr>\n",
       "    <tr>\n",
       "      <th>education</th>\n",
       "      <td>0.017188</td>\n",
       "      <td>-0.164081</td>\n",
       "      <td>1.000000</td>\n",
       "      <td>0.018297</td>\n",
       "      <td>0.008197</td>\n",
       "      <td>-0.010689</td>\n",
       "      <td>-0.035139</td>\n",
       "      <td>-0.080753</td>\n",
       "      <td>-0.038214</td>\n",
       "      <td>-0.022993</td>\n",
       "      <td>-0.128126</td>\n",
       "      <td>-0.061362</td>\n",
       "      <td>-0.135876</td>\n",
       "      <td>-0.053603</td>\n",
       "      <td>-0.033837</td>\n",
       "      <td>-0.053571</td>\n",
       "    </tr>\n",
       "    <tr>\n",
       "      <th>currentSmoker</th>\n",
       "      <td>0.197026</td>\n",
       "      <td>-0.213662</td>\n",
       "      <td>0.018297</td>\n",
       "      <td>1.000000</td>\n",
       "      <td>0.767055</td>\n",
       "      <td>-0.048621</td>\n",
       "      <td>-0.032980</td>\n",
       "      <td>-0.103710</td>\n",
       "      <td>-0.044285</td>\n",
       "      <td>-0.046211</td>\n",
       "      <td>-0.130281</td>\n",
       "      <td>-0.107933</td>\n",
       "      <td>-0.167483</td>\n",
       "      <td>0.062678</td>\n",
       "      <td>-0.054062</td>\n",
       "      <td>0.019448</td>\n",
       "    </tr>\n",
       "    <tr>\n",
       "      <th>cigsPerDay</th>\n",
       "      <td>0.316023</td>\n",
       "      <td>-0.192534</td>\n",
       "      <td>0.008197</td>\n",
       "      <td>0.767055</td>\n",
       "      <td>1.000000</td>\n",
       "      <td>-0.045847</td>\n",
       "      <td>-0.032711</td>\n",
       "      <td>-0.066444</td>\n",
       "      <td>-0.037086</td>\n",
       "      <td>-0.026182</td>\n",
       "      <td>-0.088523</td>\n",
       "      <td>-0.056473</td>\n",
       "      <td>-0.092888</td>\n",
       "      <td>0.075257</td>\n",
       "      <td>-0.056020</td>\n",
       "      <td>0.057646</td>\n",
       "    </tr>\n",
       "    <tr>\n",
       "      <th>BPMeds</th>\n",
       "      <td>-0.052203</td>\n",
       "      <td>0.122036</td>\n",
       "      <td>-0.010689</td>\n",
       "      <td>-0.048621</td>\n",
       "      <td>-0.045847</td>\n",
       "      <td>1.000000</td>\n",
       "      <td>0.115008</td>\n",
       "      <td>0.259125</td>\n",
       "      <td>0.051584</td>\n",
       "      <td>0.078973</td>\n",
       "      <td>0.252023</td>\n",
       "      <td>0.192387</td>\n",
       "      <td>0.099586</td>\n",
       "      <td>0.015172</td>\n",
       "      <td>0.048925</td>\n",
       "      <td>0.086805</td>\n",
       "    </tr>\n",
       "    <tr>\n",
       "      <th>prevalentStroke</th>\n",
       "      <td>-0.004550</td>\n",
       "      <td>0.057679</td>\n",
       "      <td>-0.035139</td>\n",
       "      <td>-0.032980</td>\n",
       "      <td>-0.032711</td>\n",
       "      <td>0.115008</td>\n",
       "      <td>1.000000</td>\n",
       "      <td>0.074791</td>\n",
       "      <td>0.006955</td>\n",
       "      <td>0.000105</td>\n",
       "      <td>0.057000</td>\n",
       "      <td>0.045153</td>\n",
       "      <td>0.024856</td>\n",
       "      <td>-0.017674</td>\n",
       "      <td>0.018065</td>\n",
       "      <td>0.061823</td>\n",
       "    </tr>\n",
       "    <tr>\n",
       "      <th>prevalentHyp</th>\n",
       "      <td>0.005853</td>\n",
       "      <td>0.306799</td>\n",
       "      <td>-0.080753</td>\n",
       "      <td>-0.103710</td>\n",
       "      <td>-0.066444</td>\n",
       "      <td>0.259125</td>\n",
       "      <td>0.074791</td>\n",
       "      <td>1.000000</td>\n",
       "      <td>0.077752</td>\n",
       "      <td>0.162683</td>\n",
       "      <td>0.696656</td>\n",
       "      <td>0.615840</td>\n",
       "      <td>0.300599</td>\n",
       "      <td>0.146777</td>\n",
       "      <td>0.082757</td>\n",
       "      <td>0.177458</td>\n",
       "    </tr>\n",
       "    <tr>\n",
       "      <th>diabetes</th>\n",
       "      <td>0.015693</td>\n",
       "      <td>0.101314</td>\n",
       "      <td>-0.038214</td>\n",
       "      <td>-0.044285</td>\n",
       "      <td>-0.037086</td>\n",
       "      <td>0.051584</td>\n",
       "      <td>0.006955</td>\n",
       "      <td>0.077752</td>\n",
       "      <td>1.000000</td>\n",
       "      <td>0.040161</td>\n",
       "      <td>0.111265</td>\n",
       "      <td>0.050260</td>\n",
       "      <td>0.086282</td>\n",
       "      <td>0.048986</td>\n",
       "      <td>0.605709</td>\n",
       "      <td>0.097344</td>\n",
       "    </tr>\n",
       "    <tr>\n",
       "      <th>totChol</th>\n",
       "      <td>-0.070064</td>\n",
       "      <td>0.260691</td>\n",
       "      <td>-0.022993</td>\n",
       "      <td>-0.046211</td>\n",
       "      <td>-0.026182</td>\n",
       "      <td>0.078973</td>\n",
       "      <td>0.000105</td>\n",
       "      <td>0.162683</td>\n",
       "      <td>0.040161</td>\n",
       "      <td>1.000000</td>\n",
       "      <td>0.207436</td>\n",
       "      <td>0.163423</td>\n",
       "      <td>0.115013</td>\n",
       "      <td>0.090678</td>\n",
       "      <td>0.044710</td>\n",
       "      <td>0.081807</td>\n",
       "    </tr>\n",
       "    <tr>\n",
       "      <th>sysBP</th>\n",
       "      <td>-0.035879</td>\n",
       "      <td>0.394053</td>\n",
       "      <td>-0.128126</td>\n",
       "      <td>-0.130281</td>\n",
       "      <td>-0.088523</td>\n",
       "      <td>0.252023</td>\n",
       "      <td>0.057000</td>\n",
       "      <td>0.696656</td>\n",
       "      <td>0.111265</td>\n",
       "      <td>0.207436</td>\n",
       "      <td>1.000000</td>\n",
       "      <td>0.783952</td>\n",
       "      <td>0.325172</td>\n",
       "      <td>0.182084</td>\n",
       "      <td>0.134561</td>\n",
       "      <td>0.216374</td>\n",
       "    </tr>\n",
       "    <tr>\n",
       "      <th>diaBP</th>\n",
       "      <td>0.058199</td>\n",
       "      <td>0.205586</td>\n",
       "      <td>-0.061362</td>\n",
       "      <td>-0.107933</td>\n",
       "      <td>-0.056473</td>\n",
       "      <td>0.192387</td>\n",
       "      <td>0.045153</td>\n",
       "      <td>0.615840</td>\n",
       "      <td>0.050260</td>\n",
       "      <td>0.163423</td>\n",
       "      <td>0.783952</td>\n",
       "      <td>1.000000</td>\n",
       "      <td>0.376317</td>\n",
       "      <td>0.181012</td>\n",
       "      <td>0.058499</td>\n",
       "      <td>0.145112</td>\n",
       "    </tr>\n",
       "    <tr>\n",
       "      <th>BMI</th>\n",
       "      <td>0.081705</td>\n",
       "      <td>0.135578</td>\n",
       "      <td>-0.135876</td>\n",
       "      <td>-0.167483</td>\n",
       "      <td>-0.092888</td>\n",
       "      <td>0.099586</td>\n",
       "      <td>0.024856</td>\n",
       "      <td>0.300599</td>\n",
       "      <td>0.086282</td>\n",
       "      <td>0.115013</td>\n",
       "      <td>0.325172</td>\n",
       "      <td>0.376317</td>\n",
       "      <td>1.000000</td>\n",
       "      <td>0.067318</td>\n",
       "      <td>0.082123</td>\n",
       "      <td>0.074788</td>\n",
       "    </tr>\n",
       "    <tr>\n",
       "      <th>heartRate</th>\n",
       "      <td>-0.116913</td>\n",
       "      <td>-0.012839</td>\n",
       "      <td>-0.053603</td>\n",
       "      <td>0.062678</td>\n",
       "      <td>0.075257</td>\n",
       "      <td>0.015172</td>\n",
       "      <td>-0.017674</td>\n",
       "      <td>0.146777</td>\n",
       "      <td>0.048986</td>\n",
       "      <td>0.090678</td>\n",
       "      <td>0.182084</td>\n",
       "      <td>0.181012</td>\n",
       "      <td>0.067318</td>\n",
       "      <td>1.000000</td>\n",
       "      <td>0.089386</td>\n",
       "      <td>0.022892</td>\n",
       "    </tr>\n",
       "    <tr>\n",
       "      <th>glucose</th>\n",
       "      <td>0.005718</td>\n",
       "      <td>0.116951</td>\n",
       "      <td>-0.033837</td>\n",
       "      <td>-0.054062</td>\n",
       "      <td>-0.056020</td>\n",
       "      <td>0.048925</td>\n",
       "      <td>0.018065</td>\n",
       "      <td>0.082757</td>\n",
       "      <td>0.605709</td>\n",
       "      <td>0.044710</td>\n",
       "      <td>0.134561</td>\n",
       "      <td>0.058499</td>\n",
       "      <td>0.082123</td>\n",
       "      <td>0.089386</td>\n",
       "      <td>1.000000</td>\n",
       "      <td>0.120451</td>\n",
       "    </tr>\n",
       "    <tr>\n",
       "      <th>TenYearCHD</th>\n",
       "      <td>0.088374</td>\n",
       "      <td>0.225408</td>\n",
       "      <td>-0.053571</td>\n",
       "      <td>0.019448</td>\n",
       "      <td>0.057646</td>\n",
       "      <td>0.086805</td>\n",
       "      <td>0.061823</td>\n",
       "      <td>0.177458</td>\n",
       "      <td>0.097344</td>\n",
       "      <td>0.081807</td>\n",
       "      <td>0.216374</td>\n",
       "      <td>0.145112</td>\n",
       "      <td>0.074788</td>\n",
       "      <td>0.022892</td>\n",
       "      <td>0.120451</td>\n",
       "      <td>1.000000</td>\n",
       "    </tr>\n",
       "  </tbody>\n",
       "</table>\n",
       "</div>"
      ],
      "text/plain": [
       "                     male       age  education  currentSmoker  cigsPerDay  \\\n",
       "male             1.000000 -0.029014   0.017188       0.197026    0.316023   \n",
       "age             -0.029014  1.000000  -0.164081      -0.213662   -0.192534   \n",
       "education        0.017188 -0.164081   1.000000       0.018297    0.008197   \n",
       "currentSmoker    0.197026 -0.213662   0.018297       1.000000    0.767055   \n",
       "cigsPerDay       0.316023 -0.192534   0.008197       0.767055    1.000000   \n",
       "BPMeds          -0.052203  0.122036  -0.010689      -0.048621   -0.045847   \n",
       "prevalentStroke -0.004550  0.057679  -0.035139      -0.032980   -0.032711   \n",
       "prevalentHyp     0.005853  0.306799  -0.080753      -0.103710   -0.066444   \n",
       "diabetes         0.015693  0.101314  -0.038214      -0.044285   -0.037086   \n",
       "totChol         -0.070064  0.260691  -0.022993      -0.046211   -0.026182   \n",
       "sysBP           -0.035879  0.394053  -0.128126      -0.130281   -0.088523   \n",
       "diaBP            0.058199  0.205586  -0.061362      -0.107933   -0.056473   \n",
       "BMI              0.081705  0.135578  -0.135876      -0.167483   -0.092888   \n",
       "heartRate       -0.116913 -0.012839  -0.053603       0.062678    0.075257   \n",
       "glucose          0.005718  0.116951  -0.033837      -0.054062   -0.056020   \n",
       "TenYearCHD       0.088374  0.225408  -0.053571       0.019448    0.057646   \n",
       "\n",
       "                   BPMeds  prevalentStroke  prevalentHyp  diabetes   totChol  \\\n",
       "male            -0.052203        -0.004550      0.005853  0.015693 -0.070064   \n",
       "age              0.122036         0.057679      0.306799  0.101314  0.260691   \n",
       "education       -0.010689        -0.035139     -0.080753 -0.038214 -0.022993   \n",
       "currentSmoker   -0.048621        -0.032980     -0.103710 -0.044285 -0.046211   \n",
       "cigsPerDay      -0.045847        -0.032711     -0.066444 -0.037086 -0.026182   \n",
       "BPMeds           1.000000         0.115008      0.259125  0.051584  0.078973   \n",
       "prevalentStroke  0.115008         1.000000      0.074791  0.006955  0.000105   \n",
       "prevalentHyp     0.259125         0.074791      1.000000  0.077752  0.162683   \n",
       "diabetes         0.051584         0.006955      0.077752  1.000000  0.040161   \n",
       "totChol          0.078973         0.000105      0.162683  0.040161  1.000000   \n",
       "sysBP            0.252023         0.057000      0.696656  0.111265  0.207436   \n",
       "diaBP            0.192387         0.045153      0.615840  0.050260  0.163423   \n",
       "BMI              0.099586         0.024856      0.300599  0.086282  0.115013   \n",
       "heartRate        0.015172        -0.017674      0.146777  0.048986  0.090678   \n",
       "glucose          0.048925         0.018065      0.082757  0.605709  0.044710   \n",
       "TenYearCHD       0.086805         0.061823      0.177458  0.097344  0.081807   \n",
       "\n",
       "                    sysBP     diaBP       BMI  heartRate   glucose  TenYearCHD  \n",
       "male            -0.035879  0.058199  0.081705  -0.116913  0.005718    0.088374  \n",
       "age              0.394053  0.205586  0.135578  -0.012839  0.116951    0.225408  \n",
       "education       -0.128126 -0.061362 -0.135876  -0.053603 -0.033837   -0.053571  \n",
       "currentSmoker   -0.130281 -0.107933 -0.167483   0.062678 -0.054062    0.019448  \n",
       "cigsPerDay      -0.088523 -0.056473 -0.092888   0.075257 -0.056020    0.057646  \n",
       "BPMeds           0.252023  0.192387  0.099586   0.015172  0.048925    0.086805  \n",
       "prevalentStroke  0.057000  0.045153  0.024856  -0.017674  0.018065    0.061823  \n",
       "prevalentHyp     0.696656  0.615840  0.300599   0.146777  0.082757    0.177458  \n",
       "diabetes         0.111265  0.050260  0.086282   0.048986  0.605709    0.097344  \n",
       "totChol          0.207436  0.163423  0.115013   0.090678  0.044710    0.081807  \n",
       "sysBP            1.000000  0.783952  0.325172   0.182084  0.134561    0.216374  \n",
       "diaBP            0.783952  1.000000  0.376317   0.181012  0.058499    0.145112  \n",
       "BMI              0.325172  0.376317  1.000000   0.067318  0.082123    0.074788  \n",
       "heartRate        0.182084  0.181012  0.067318   1.000000  0.089386    0.022892  \n",
       "glucose          0.134561  0.058499  0.082123   0.089386  1.000000    0.120451  \n",
       "TenYearCHD       0.216374  0.145112  0.074788   0.022892  0.120451    1.000000  "
      ]
     },
     "execution_count": 70,
     "metadata": {},
     "output_type": "execute_result"
    }
   ],
   "source": [
    "df.corr()"
   ]
  },
  {
   "cell_type": "code",
   "execution_count": 71,
   "id": "21e8989e-1f35-428f-b398-e7576107d772",
   "metadata": {},
   "outputs": [],
   "source": [
    "df=df.drop(['education', 'currentSmoker', 'diabetes', 'heartRate'], axis=1)"
   ]
  },
  {
   "cell_type": "code",
   "execution_count": 72,
   "id": "1f466b62-6d6f-4b29-b188-877bfd4a3930",
   "metadata": {},
   "outputs": [
    {
     "data": {
      "text/plain": [
       "TenYearCHD\n",
       "0    3596\n",
       "1     644\n",
       "Name: count, dtype: int64"
      ]
     },
     "execution_count": 72,
     "metadata": {},
     "output_type": "execute_result"
    }
   ],
   "source": [
    "df['TenYearCHD'].value_counts()\n"
   ]
  },
  {
   "cell_type": "code",
   "execution_count": 75,
   "id": "b89cb0b0-a0b2-4156-9ad7-2561020240cd",
   "metadata": {},
   "outputs": [
    {
     "name": "stdout",
     "output_type": "stream",
     "text": [
      "<class 'pandas.core.frame.DataFrame'>\n",
      "RangeIndex: 4240 entries, 0 to 4239\n",
      "Data columns (total 12 columns):\n",
      " #   Column           Non-Null Count  Dtype  \n",
      "---  ------           --------------  -----  \n",
      " 0   male             4240 non-null   int64  \n",
      " 1   age              4240 non-null   int64  \n",
      " 2   cigsPerDay       4240 non-null   float64\n",
      " 3   BPMeds           4240 non-null   float64\n",
      " 4   prevalentStroke  4240 non-null   int64  \n",
      " 5   prevalentHyp     4240 non-null   int64  \n",
      " 6   totChol          4240 non-null   float64\n",
      " 7   sysBP            4240 non-null   float64\n",
      " 8   diaBP            4240 non-null   float64\n",
      " 9   BMI              4240 non-null   float64\n",
      " 10  glucose          4240 non-null   float64\n",
      " 11  TenYearCHD       4240 non-null   int64  \n",
      "dtypes: float64(7), int64(5)\n",
      "memory usage: 397.6 KB\n"
     ]
    }
   ],
   "source": [
    "df.info()"
   ]
  },
  {
   "cell_type": "code",
   "execution_count": 76,
   "id": "b1d1c3fb-eb4e-41e4-81de-c9a9049c1389",
   "metadata": {},
   "outputs": [],
   "source": [
    "from imblearn.over_sampling import SMOTE\n",
    "smote = SMOTE()\n",
    "x=df.drop('TenYearCHD', axis=1)\n",
    "y=df['TenYearCHD']\n",
    "x_sampled, y_sampled = smote.fit_resample(x, y)"
   ]
  },
  {
   "cell_type": "code",
   "execution_count": 85,
   "id": "23e600c4-782d-46e1-a6fe-d84acb820656",
   "metadata": {},
   "outputs": [],
   "source": [
    "\n",
    "from sklearn.model_selection import train_test_split\n",
    "x_train,x_test,y_train,y_test = train_test_split(x,y,train_size=0.7, random_state=123456)\n",
    "\n"
   ]
  },
  {
   "cell_type": "code",
   "execution_count": 86,
   "id": "b4a74c23-065d-4d2a-a610-7d2813fdbf2e",
   "metadata": {},
   "outputs": [],
   "source": [
    "from sklearn.linear_model import LogisticRegression\n",
    "\n",
    "def create_model_logistic_regression():\n",
    "    model = LogisticRegression()\n",
    "    model.fit(x_train,y_train)\n",
    "    return model"
   ]
  },
  {
   "cell_type": "code",
   "execution_count": 87,
   "id": "5b74c60f-489d-41b0-9f2d-ab38872cc2a7",
   "metadata": {},
   "outputs": [],
   "source": [
    "from sklearn.naive_bayes import GaussianNB\n",
    "\n",
    "def create_naive_bayes_model():\n",
    "    model = GaussianNB()\n",
    "    model.fit(x_train,y_train)\n",
    "    return model"
   ]
  },
  {
   "cell_type": "code",
   "execution_count": 88,
   "id": "4c7e04f2-f97f-443c-904e-11f1c989b831",
   "metadata": {},
   "outputs": [],
   "source": [
    "from sklearn.neighbors import KNeighborsClassifier\n",
    "\n",
    "def create_knn_model():\n",
    "    model = KNeighborsClassifier()\n",
    "    model.fit(x_train,y_train)\n",
    "    return model"
   ]
  },
  {
   "cell_type": "code",
   "execution_count": 89,
   "id": "f3b2016d-4cc4-4c4f-9391-18a654fa7778",
   "metadata": {},
   "outputs": [],
   "source": [
    "from sklearn.svm import SVC\n",
    "\n",
    "def create_svm_model():\n",
    "    model=SVC()\n",
    "    model.fit(x_train,y_train)\n",
    "    return model"
   ]
  },
  {
   "cell_type": "code",
   "execution_count": 90,
   "id": "490ee415-1fb8-48c7-ac96-bad45e37fa54",
   "metadata": {},
   "outputs": [],
   "source": [
    "from sklearn.metrics import confusion_matrix, accuracy_score,precision_score,recall_score,f1_score\n",
    "\n",
    "def evaluate_model(model_name, model):\n",
    "    y_pred = model.predict(x_test)\n",
    "    y_true = y_test\n",
    "\n",
    "    cm = confusion_matrix(y_true,y_pred)\n",
    "    accuracy = accuracy_score(y_true,y_pred)\n",
    "    precision = precision_score(y_true,y_pred)\n",
    "    recall = recall_score(y_true,y_pred)\n",
    "    f1 = f1_score(y_true,y_pred)\n",
    "\n",
    "    return model_name,cm,accuracy,precision,recall,f1\n"
   ]
  },
  {
   "cell_type": "code",
   "execution_count": 91,
   "id": "d66dc6cd-8121-43b6-a867-a80ed0f44af5",
   "metadata": {},
   "outputs": [
    {
     "data": {
      "text/html": [
       "<div>\n",
       "<style scoped>\n",
       "    .dataframe tbody tr th:only-of-type {\n",
       "        vertical-align: middle;\n",
       "    }\n",
       "\n",
       "    .dataframe tbody tr th {\n",
       "        vertical-align: top;\n",
       "    }\n",
       "\n",
       "    .dataframe thead th {\n",
       "        text-align: right;\n",
       "    }\n",
       "</style>\n",
       "<table border=\"1\" class=\"dataframe\">\n",
       "  <thead>\n",
       "    <tr style=\"text-align: right;\">\n",
       "      <th></th>\n",
       "      <th>Model Name</th>\n",
       "      <th>cm</th>\n",
       "      <th>accuracy</th>\n",
       "      <th>precision</th>\n",
       "      <th>recall</th>\n",
       "      <th>f1</th>\n",
       "    </tr>\n",
       "  </thead>\n",
       "  <tbody>\n",
       "    <tr>\n",
       "      <th>0</th>\n",
       "      <td>Logistic Regression</td>\n",
       "      <td>[[1084, 4], [178, 6]]</td>\n",
       "      <td>0.856918</td>\n",
       "      <td>0.600000</td>\n",
       "      <td>0.032609</td>\n",
       "      <td>0.061856</td>\n",
       "    </tr>\n",
       "    <tr>\n",
       "      <th>1</th>\n",
       "      <td>Naive Bayes</td>\n",
       "      <td>[[1017, 71], [145, 39]]</td>\n",
       "      <td>0.830189</td>\n",
       "      <td>0.354545</td>\n",
       "      <td>0.211957</td>\n",
       "      <td>0.265306</td>\n",
       "    </tr>\n",
       "    <tr>\n",
       "      <th>2</th>\n",
       "      <td>KNN</td>\n",
       "      <td>[[1052, 36], [170, 14]]</td>\n",
       "      <td>0.838050</td>\n",
       "      <td>0.280000</td>\n",
       "      <td>0.076087</td>\n",
       "      <td>0.119658</td>\n",
       "    </tr>\n",
       "    <tr>\n",
       "      <th>3</th>\n",
       "      <td>SVM</td>\n",
       "      <td>[[1085, 3], [181, 3]]</td>\n",
       "      <td>0.855346</td>\n",
       "      <td>0.500000</td>\n",
       "      <td>0.016304</td>\n",
       "      <td>0.031579</td>\n",
       "    </tr>\n",
       "  </tbody>\n",
       "</table>\n",
       "</div>"
      ],
      "text/plain": [
       "            Model Name                       cm  accuracy  precision  \\\n",
       "0  Logistic Regression    [[1084, 4], [178, 6]]  0.856918   0.600000   \n",
       "1          Naive Bayes  [[1017, 71], [145, 39]]  0.830189   0.354545   \n",
       "2                  KNN  [[1052, 36], [170, 14]]  0.838050   0.280000   \n",
       "3                  SVM    [[1085, 3], [181, 3]]  0.855346   0.500000   \n",
       "\n",
       "     recall        f1  \n",
       "0  0.032609  0.061856  \n",
       "1  0.211957  0.265306  \n",
       "2  0.076087  0.119658  \n",
       "3  0.016304  0.031579  "
      ]
     },
     "execution_count": 91,
     "metadata": {},
     "output_type": "execute_result"
    }
   ],
   "source": [
    "models = pd.DataFrame([\n",
    "    evaluate_model(\"Logistic Regression\", create_model_logistic_regression()),\n",
    "    evaluate_model(\"Naive Bayes\", create_naive_bayes_model()),\n",
    "    evaluate_model(\"KNN\", create_knn_model()),\n",
    "    evaluate_model(\"SVM\", create_svm_model())\n",
    "], columns=['Model Name', 'cm', 'accuracy', 'precision', 'recall', 'f1'])\n",
    "models"
   ]
  },
  {
   "cell_type": "code",
   "execution_count": null,
   "id": "2e301f34-e270-4d69-a633-603954849c14",
   "metadata": {},
   "outputs": [],
   "source": []
  }
 ],
 "metadata": {
  "kernelspec": {
   "display_name": "Python 3 (ipykernel)",
   "language": "python",
   "name": "python3"
  },
  "language_info": {
   "codemirror_mode": {
    "name": "ipython",
    "version": 3
   },
   "file_extension": ".py",
   "mimetype": "text/x-python",
