{
 "cells": [
  {
   "cell_type": "markdown",
   "id": "edc0d038-5ed0-4908-8e88-2ba6c913d047",
   "metadata": {},
   "source": [
    "\n",
    "\n",
    "Prepare a model for glass classification using KNN, SVM and Naive Bayes.\n",
    "Also calculate Accuracy by confusion matrix, Calculate accuracy score, precision score, recall score, f1 score.\n",
    "Data Description:\n",
    "RI : refractive index\n",
    "Na: Sodium (unit measurement: weight percent in corresponding oxide, as are attributes 4-10)\n",
    "Mg: Magnesium\n",
    "AI: Aluminum\n",
    "Si: Silicon\n",
    "K:Potassium\n",
    "Ca: Calcium\n",
    "Ba: Barium\n",
    "Fe: Iron\n",
    "Type: Type of glass: (class attribute)\n",
    "1 -- building_windows_float_processed\n",
    " 2 --building_windows_non_float_processed\n",
    " 3 --vehicle_windows_float_processed\n",
    " 4 --vehicle_windows_non_float_processed (none in this database)\n",
    " 5 --containers\n",
    " 6 --tableware\n",
    " 7 --headlamps\n",
    "\n",
    "Dataset : Glass.csv"
   ]
  },
  {
   "cell_type": "code",
   "execution_count": 1,
   "id": "fa3afe68-54a5-47a0-b9c7-a5278af3772e",
   "metadata": {},
   "outputs": [],
   "source": [
    "import numpy as np \n",
    "import pandas as pd\n",
    "import matplotlib.pyplot as plt\n",
    "import seaborn as sns\n",
    "import warnings\n",
    "warnings.filterwarnings(action=\"ignore\")"
   ]
  },
  {
   "cell_type": "code",
   "execution_count": 2,
   "id": "b7f55042-8170-49f1-b42a-23085de007c9",
   "metadata": {},
   "outputs": [
    {
     "data": {
      "text/html": [
       "<div>\n",
       "<style scoped>\n",
       "    .dataframe tbody tr th:only-of-type {\n",
       "        vertical-align: middle;\n",
       "    }\n",
       "\n",
       "    .dataframe tbody tr th {\n",
       "        vertical-align: top;\n",
       "    }\n",
       "\n",
       "    .dataframe thead th {\n",
       "        text-align: right;\n",
       "    }\n",
       "</style>\n",
       "<table border=\"1\" class=\"dataframe\">\n",
       "  <thead>\n",
       "    <tr style=\"text-align: right;\">\n",
       "      <th></th>\n",
       "      <th>RI</th>\n",
       "      <th>Na</th>\n",
       "      <th>Mg</th>\n",
       "      <th>Al</th>\n",
       "      <th>Si</th>\n",
       "      <th>K</th>\n",
       "      <th>Ca</th>\n",
       "      <th>Ba</th>\n",
       "      <th>Fe</th>\n",
       "      <th>Type</th>\n",
       "    </tr>\n",
       "  </thead>\n",
       "  <tbody>\n",
       "    <tr>\n",
       "      <th>0</th>\n",
       "      <td>1.52101</td>\n",
       "      <td>13.64</td>\n",
       "      <td>4.49</td>\n",
       "      <td>1.10</td>\n",
       "      <td>71.78</td>\n",
       "      <td>0.06</td>\n",
       "      <td>8.75</td>\n",
       "      <td>0.0</td>\n",
       "      <td>0.0</td>\n",
       "      <td>1</td>\n",
       "    </tr>\n",
       "    <tr>\n",
       "      <th>1</th>\n",
       "      <td>1.51761</td>\n",
       "      <td>13.89</td>\n",
       "      <td>3.60</td>\n",
       "      <td>1.36</td>\n",
       "      <td>72.73</td>\n",
       "      <td>0.48</td>\n",
       "      <td>7.83</td>\n",
       "      <td>0.0</td>\n",
       "      <td>0.0</td>\n",
       "      <td>1</td>\n",
       "    </tr>\n",
       "    <tr>\n",
       "      <th>2</th>\n",
       "      <td>1.51618</td>\n",
       "      <td>13.53</td>\n",
       "      <td>3.55</td>\n",
       "      <td>1.54</td>\n",
       "      <td>72.99</td>\n",
       "      <td>0.39</td>\n",
       "      <td>7.78</td>\n",
       "      <td>0.0</td>\n",
       "      <td>0.0</td>\n",
       "      <td>1</td>\n",
       "    </tr>\n",
       "    <tr>\n",
       "      <th>3</th>\n",
       "      <td>1.51766</td>\n",
       "      <td>13.21</td>\n",
       "      <td>3.69</td>\n",
       "      <td>1.29</td>\n",
       "      <td>72.61</td>\n",
       "      <td>0.57</td>\n",
       "      <td>8.22</td>\n",
       "      <td>0.0</td>\n",
       "      <td>0.0</td>\n",
       "      <td>1</td>\n",
       "    </tr>\n",
       "    <tr>\n",
       "      <th>4</th>\n",
       "      <td>1.51742</td>\n",
       "      <td>13.27</td>\n",
       "      <td>3.62</td>\n",
       "      <td>1.24</td>\n",
       "      <td>73.08</td>\n",
       "      <td>0.55</td>\n",
       "      <td>8.07</td>\n",
       "      <td>0.0</td>\n",
       "      <td>0.0</td>\n",
       "      <td>1</td>\n",
       "    </tr>\n",
       "  </tbody>\n",
       "</table>\n",
       "</div>"
      ],
      "text/plain": [
       "        RI     Na    Mg    Al     Si     K    Ca   Ba   Fe  Type\n",
       "0  1.52101  13.64  4.49  1.10  71.78  0.06  8.75  0.0  0.0     1\n",
       "1  1.51761  13.89  3.60  1.36  72.73  0.48  7.83  0.0  0.0     1\n",
       "2  1.51618  13.53  3.55  1.54  72.99  0.39  7.78  0.0  0.0     1\n",
       "3  1.51766  13.21  3.69  1.29  72.61  0.57  8.22  0.0  0.0     1\n",
       "4  1.51742  13.27  3.62  1.24  73.08  0.55  8.07  0.0  0.0     1"
      ]
     },
     "execution_count": 2,
     "metadata": {},
     "output_type": "execute_result"
    }
   ],
   "source": [
    "df = pd.read_csv(\"glass.csv\")\n",
    "df.head()"
   ]
  },
  {
   "cell_type": "code",
   "execution_count": 3,
   "id": "2cee175a-c746-4686-a6c0-1eb3f255aaaf",
   "metadata": {},
   "outputs": [
    {
     "data": {
      "text/plain": [
       "RI      0\n",
       "Na      0\n",
       "Mg      0\n",
       "Al      0\n",
       "Si      0\n",
       "K       0\n",
       "Ca      0\n",
       "Ba      0\n",
       "Fe      0\n",
       "Type    0\n",
       "dtype: int64"
      ]
     },
     "execution_count": 3,
     "metadata": {},
     "output_type": "execute_result"
    }
   ],
   "source": [
    "df.isna().sum()"
   ]
  },
  {
   "cell_type": "code",
   "execution_count": 4,
   "id": "080f4472-298d-4481-b63a-f69e55d95cd9",
   "metadata": {},
   "outputs": [
    {
     "data": {
      "text/html": [
       "<div>\n",
       "<style scoped>\n",
       "    .dataframe tbody tr th:only-of-type {\n",
       "        vertical-align: middle;\n",
       "    }\n",
       "\n",
       "    .dataframe tbody tr th {\n",
       "        vertical-align: top;\n",
       "    }\n",
       "\n",
       "    .dataframe thead th {\n",
       "        text-align: right;\n",
       "    }\n",
       "</style>\n",
       "<table border=\"1\" class=\"dataframe\">\n",
       "  <thead>\n",
       "    <tr style=\"text-align: right;\">\n",
       "      <th></th>\n",
       "      <th>RI</th>\n",
       "      <th>Na</th>\n",
       "      <th>Mg</th>\n",
       "      <th>Al</th>\n",
       "      <th>Si</th>\n",
       "      <th>K</th>\n",
       "      <th>Ca</th>\n",
       "      <th>Ba</th>\n",
       "      <th>Fe</th>\n",
       "      <th>Type</th>\n",
       "    </tr>\n",
       "  </thead>\n",
       "  <tbody>\n",
       "    <tr>\n",
       "      <th>RI</th>\n",
       "      <td>1.000000</td>\n",
       "      <td>-0.191885</td>\n",
       "      <td>-0.122274</td>\n",
       "      <td>-0.407326</td>\n",
       "      <td>-0.542052</td>\n",
       "      <td>-0.289833</td>\n",
       "      <td>0.810403</td>\n",
       "      <td>-0.000386</td>\n",
       "      <td>0.143010</td>\n",
       "      <td>-0.164237</td>\n",
       "    </tr>\n",
       "    <tr>\n",
       "      <th>Na</th>\n",
       "      <td>-0.191885</td>\n",
       "      <td>1.000000</td>\n",
       "      <td>-0.273732</td>\n",
       "      <td>0.156794</td>\n",
       "      <td>-0.069809</td>\n",
       "      <td>-0.266087</td>\n",
       "      <td>-0.275442</td>\n",
       "      <td>0.326603</td>\n",
       "      <td>-0.241346</td>\n",
       "      <td>0.502898</td>\n",
       "    </tr>\n",
       "    <tr>\n",
       "      <th>Mg</th>\n",
       "      <td>-0.122274</td>\n",
       "      <td>-0.273732</td>\n",
       "      <td>1.000000</td>\n",
       "      <td>-0.481799</td>\n",
       "      <td>-0.165927</td>\n",
       "      <td>0.005396</td>\n",
       "      <td>-0.443750</td>\n",
       "      <td>-0.492262</td>\n",
       "      <td>0.083060</td>\n",
       "      <td>-0.744993</td>\n",
       "    </tr>\n",
       "    <tr>\n",
       "      <th>Al</th>\n",
       "      <td>-0.407326</td>\n",
       "      <td>0.156794</td>\n",
       "      <td>-0.481799</td>\n",
       "      <td>1.000000</td>\n",
       "      <td>-0.005524</td>\n",
       "      <td>0.325958</td>\n",
       "      <td>-0.259592</td>\n",
       "      <td>0.479404</td>\n",
       "      <td>-0.074402</td>\n",
       "      <td>0.598829</td>\n",
       "    </tr>\n",
       "    <tr>\n",
       "      <th>Si</th>\n",
       "      <td>-0.542052</td>\n",
       "      <td>-0.069809</td>\n",
       "      <td>-0.165927</td>\n",
       "      <td>-0.005524</td>\n",
       "      <td>1.000000</td>\n",
       "      <td>-0.193331</td>\n",
       "      <td>-0.208732</td>\n",
       "      <td>-0.102151</td>\n",
       "      <td>-0.094201</td>\n",
       "      <td>0.151565</td>\n",
       "    </tr>\n",
       "    <tr>\n",
       "      <th>K</th>\n",
       "      <td>-0.289833</td>\n",
       "      <td>-0.266087</td>\n",
       "      <td>0.005396</td>\n",
       "      <td>0.325958</td>\n",
       "      <td>-0.193331</td>\n",
       "      <td>1.000000</td>\n",
       "      <td>-0.317836</td>\n",
       "      <td>-0.042618</td>\n",
       "      <td>-0.007719</td>\n",
       "      <td>-0.010054</td>\n",
       "    </tr>\n",
       "    <tr>\n",
       "      <th>Ca</th>\n",
       "      <td>0.810403</td>\n",
       "      <td>-0.275442</td>\n",
       "      <td>-0.443750</td>\n",
       "      <td>-0.259592</td>\n",
       "      <td>-0.208732</td>\n",
       "      <td>-0.317836</td>\n",
       "      <td>1.000000</td>\n",
       "      <td>-0.112841</td>\n",
       "      <td>0.124968</td>\n",
       "      <td>0.000952</td>\n",
       "    </tr>\n",
       "    <tr>\n",
       "      <th>Ba</th>\n",
       "      <td>-0.000386</td>\n",
       "      <td>0.326603</td>\n",
       "      <td>-0.492262</td>\n",
       "      <td>0.479404</td>\n",
       "      <td>-0.102151</td>\n",
       "      <td>-0.042618</td>\n",
       "      <td>-0.112841</td>\n",
       "      <td>1.000000</td>\n",
       "      <td>-0.058692</td>\n",
       "      <td>0.575161</td>\n",
       "    </tr>\n",
       "    <tr>\n",
       "      <th>Fe</th>\n",
       "      <td>0.143010</td>\n",
       "      <td>-0.241346</td>\n",
       "      <td>0.083060</td>\n",
       "      <td>-0.074402</td>\n",
       "      <td>-0.094201</td>\n",
       "      <td>-0.007719</td>\n",
       "      <td>0.124968</td>\n",
       "      <td>-0.058692</td>\n",
       "      <td>1.000000</td>\n",
       "      <td>-0.188278</td>\n",
       "    </tr>\n",
       "    <tr>\n",
       "      <th>Type</th>\n",
       "      <td>-0.164237</td>\n",
       "      <td>0.502898</td>\n",
       "      <td>-0.744993</td>\n",
       "      <td>0.598829</td>\n",
       "      <td>0.151565</td>\n",
       "      <td>-0.010054</td>\n",
       "      <td>0.000952</td>\n",
       "      <td>0.575161</td>\n",
       "      <td>-0.188278</td>\n",
       "      <td>1.000000</td>\n",
       "    </tr>\n",
       "  </tbody>\n",
       "</table>\n",
       "</div>"
      ],
      "text/plain": [
       "            RI        Na        Mg        Al        Si         K        Ca  \\\n",
       "RI    1.000000 -0.191885 -0.122274 -0.407326 -0.542052 -0.289833  0.810403   \n",
       "Na   -0.191885  1.000000 -0.273732  0.156794 -0.069809 -0.266087 -0.275442   \n",
       "Mg   -0.122274 -0.273732  1.000000 -0.481799 -0.165927  0.005396 -0.443750   \n",
       "Al   -0.407326  0.156794 -0.481799  1.000000 -0.005524  0.325958 -0.259592   \n",
       "Si   -0.542052 -0.069809 -0.165927 -0.005524  1.000000 -0.193331 -0.208732   \n",
       "K    -0.289833 -0.266087  0.005396  0.325958 -0.193331  1.000000 -0.317836   \n",
       "Ca    0.810403 -0.275442 -0.443750 -0.259592 -0.208732 -0.317836  1.000000   \n",
       "Ba   -0.000386  0.326603 -0.492262  0.479404 -0.102151 -0.042618 -0.112841   \n",
       "Fe    0.143010 -0.241346  0.083060 -0.074402 -0.094201 -0.007719  0.124968   \n",
       "Type -0.164237  0.502898 -0.744993  0.598829  0.151565 -0.010054  0.000952   \n",
       "\n",
       "            Ba        Fe      Type  \n",
       "RI   -0.000386  0.143010 -0.164237  \n",
       "Na    0.326603 -0.241346  0.502898  \n",
       "Mg   -0.492262  0.083060 -0.744993  \n",
       "Al    0.479404 -0.074402  0.598829  \n",
       "Si   -0.102151 -0.094201  0.151565  \n",
       "K    -0.042618 -0.007719 -0.010054  \n",
       "Ca   -0.112841  0.124968  0.000952  \n",
       "Ba    1.000000 -0.058692  0.575161  \n",
       "Fe   -0.058692  1.000000 -0.188278  \n",
       "Type  0.575161 -0.188278  1.000000  "
      ]
     },
     "execution_count": 4,
     "metadata": {},
     "output_type": "execute_result"
    }
   ],
   "source": [
    "df.corr()"
   ]
  },
  {
   "cell_type": "code",
   "execution_count": 5,
   "id": "93e87b04-227f-4c88-a534-c5aed0ff73ae",
   "metadata": {},
   "outputs": [],
   "source": [
    "df = df.drop(['Si', 'K', 'Ca', 'Fe'], axis=1)"
   ]
  },
  {
   "cell_type": "code",
   "execution_count": 6,
   "id": "be44f6d2-849e-4c9b-b410-71196beb38a9",
   "metadata": {},
   "outputs": [
    {
     "data": {
      "text/plain": [
       "Type\n",
       "2    76\n",
       "1    70\n",
       "7    29\n",
       "3    17\n",
       "5    13\n",
       "6     9\n",
       "Name: count, dtype: int64"
      ]
     },
     "execution_count": 6,
     "metadata": {},
     "output_type": "execute_result"
    }
   ],
   "source": [
    "df['Type'].value_counts()"
   ]
  },
  {
   "cell_type": "code",
   "execution_count": 7,
   "id": "31ca5ac9-7737-4e7b-9187-1505dd0cfbac",
   "metadata": {},
   "outputs": [],
   "source": [
    "x=df.drop('Type', axis=1)\n",
    "y=df['Type']\n",
    "\n",
    "from sklearn.model_selection import train_test_split\n",
    "x_train,x_test,y_train,y_test = train_test_split(x,y,train_size=0.7,random_state=123456)\n",
    "\n"
   ]
  },
  {
   "cell_type": "code",
   "execution_count": 8,
   "id": "5655239a-66aa-4dce-b51b-64d5e9160415",
   "metadata": {},
   "outputs": [],
   "source": [
    "from sklearn.naive_bayes import GaussianNB\n",
    "\n",
    "def create_naive_bayes_model():\n",
    "    model = GaussianNB()\n",
    "    model.fit(x_train,y_train)\n",
    "    return model"
   ]
  },
  {
   "cell_type": "code",
   "execution_count": 9,
   "id": "3d551d37-b7fd-4f51-b89d-d3928e602150",
   "metadata": {},
   "outputs": [],
   "source": [
    "from sklearn.neighbors import KNeighborsClassifier\n",
    "\n",
    "def create_knn_model():\n",
    "    model = KNeighborsClassifier()\n",
    "    model.fit(x_train,y_train)\n",
    "    return model"
   ]
  },
  {
   "cell_type": "code",
   "execution_count": 10,
   "id": "9054fdde-2b9d-4cf5-8c8e-62a6436cd731",
   "metadata": {},
   "outputs": [],
   "source": [
    "from sklearn.svm import SVC\n",
    "\n",
    "def create_svm_model():\n",
    "    model=SVC()\n",
    "    model.fit(x_train,y_train)\n",
    "    return model"
   ]
  },
  {
   "cell_type": "code",
   "execution_count": 15,
   "id": "50eef9e9-4668-4df3-8173-f0958e0a160d",
   "metadata": {},
   "outputs": [],
   "source": [
    "from sklearn.metrics import confusion_matrix, accuracy_score,precision_score,recall_score,f1_score\n",
    "\n",
    "def evaluate_model(model_name, model):\n",
    "    y_pred = model.predict(x_test)\n",
    "    y_true = y_test\n",
    "\n",
    "    cm = confusion_matrix(y_true,y_pred)\n",
    "    accuracy = accuracy_score(y_true,y_pred)\n",
    "    precision = precision_score(y_true,y_pred,average='macro')\n",
    "    recall = recall_score(y_true,y_pred,average='macro')\n",
    "    f1 = f1_score(y_true,y_pred,average='macro')\n",
    "\n",
    "    return model_name,cm,accuracy,precision,recall,f1\n"
   ]
  },
  {
   "cell_type": "code",
   "execution_count": 17,
   "id": "c46419f2-dea5-4722-a8d9-959cc961f542",
   "metadata": {},
   "outputs": [
    {
     "data": {
      "text/html": [
       "<div>\n",
       "<style scoped>\n",
       "    .dataframe tbody tr th:only-of-type {\n",
       "        vertical-align: middle;\n",
       "    }\n",
       "\n",
       "    .dataframe tbody tr th {\n",
       "        vertical-align: top;\n",
       "    }\n",
       "\n",
       "    .dataframe thead th {\n",
       "        text-align: right;\n",
       "    }\n",
       "</style>\n",
       "<table border=\"1\" class=\"dataframe\">\n",
       "  <thead>\n",
       "    <tr style=\"text-align: right;\">\n",
       "      <th></th>\n",
       "      <th>Model Name</th>\n",
       "      <th>cm</th>\n",
       "      <th>accuracy</th>\n",
       "      <th>precision</th>\n",
       "      <th>recall</th>\n",
       "      <th>f1</th>\n",
       "    </tr>\n",
       "  </thead>\n",
       "  <tbody>\n",
       "    <tr>\n",
       "      <th>0</th>\n",
       "      <td>Naive Bayes</td>\n",
       "      <td>[[13, 0, 0, 0, 5, 0], [4, 0, 0, 2, 17, 0], [2,...</td>\n",
       "      <td>0.384615</td>\n",
       "      <td>0.346061</td>\n",
       "      <td>0.456734</td>\n",
       "      <td>0.327302</td>\n",
       "    </tr>\n",
       "    <tr>\n",
       "      <th>1</th>\n",
       "      <td>KNN</td>\n",
       "      <td>[[15, 3, 0, 0, 0, 0], [4, 17, 0, 0, 2, 0], [4,...</td>\n",
       "      <td>0.661538</td>\n",
       "      <td>0.609105</td>\n",
       "      <td>0.601471</td>\n",
       "      <td>0.552487</td>\n",
       "    </tr>\n",
       "    <tr>\n",
       "      <th>2</th>\n",
       "      <td>SVM</td>\n",
       "      <td>[[18, 0, 0, 0, 0, 0], [18, 5, 0, 0, 0, 0], [6,...</td>\n",
       "      <td>0.461538</td>\n",
       "      <td>0.260606</td>\n",
       "      <td>0.308959</td>\n",
       "      <td>0.256905</td>\n",
       "    </tr>\n",
       "  </tbody>\n",
       "</table>\n",
       "</div>"
      ],
      "text/plain": [
       "    Model Name                                                 cm  accuracy  \\\n",
       "0  Naive Bayes  [[13, 0, 0, 0, 5, 0], [4, 0, 0, 2, 17, 0], [2,...  0.384615   \n",
       "1          KNN  [[15, 3, 0, 0, 0, 0], [4, 17, 0, 0, 2, 0], [4,...  0.661538   \n",
       "2          SVM  [[18, 0, 0, 0, 0, 0], [18, 5, 0, 0, 0, 0], [6,...  0.461538   \n",
       "\n",
       "   precision    recall        f1  \n",
       "0   0.346061  0.456734  0.327302  \n",
       "1   0.609105  0.601471  0.552487  \n",
       "2   0.260606  0.308959  0.256905  "
      ]
     },
     "execution_count": 17,
     "metadata": {},
     "output_type": "execute_result"
    }
   ],
   "source": [
    "models = pd.DataFrame([\n",
    "    evaluate_model(\"Naive Bayes\", create_naive_bayes_model()),\n",
    "    evaluate_model(\"KNN\", create_knn_model()),\n",
    "    evaluate_model(\"SVM\", create_svm_model())\n",
    "], columns=['Model Name', 'cm', 'accuracy', 'precision', 'recall', 'f1'])\n",
    "models"
   ]
  },
  {
   "cell_type": "code",
   "execution_count": null,
   "id": "b9422729-bc20-45df-b07d-f357b76441fe",
   "metadata": {},
   "outputs": [],
   "source": []
  },
  {
   "cell_type": "code",
   "execution_count": null,
   "id": "6dd7f4c0-1303-4030-9403-0f5c766a1b39",
   "metadata": {},
   "outputs": [],
   "source": []
  }
 ],
 "metadata": {
  "kernelspec": {
   "display_name": "Python 3 (ipykernel)",
   "language": "python",
   "name": "python3"
  },
  "language_info": {
   "codemirror_mode": {
    "name": "ipython",
    "version": 3
   },
   "file_extension": ".py",
   "mimetype": "text/x-python",
   "name": "python",
   "nbconvert_exporter": "python",
   "pygments_lexer": "ipython3",
   "version": "3.12.5"
  }
 },
 "nbformat": 4,
 "nbformat_minor": 5
}
